-0.121767575853
-0.929136306047
-0.349110841751
0.286760002375
-0.953734625131
-0.090326982550
-0.992739963345
0.100204745308
0.066530996934
0.456412184983
0.642179918475
0.615867572837
-0.150519033894
-0.674825983122
-0.722463778220
0.100778146647
0.603084195405
-0.791285799816
0.217874404974
-0.517427222803
-0.827526320703
-0.567522378638
0.098786338232
0.817410306074
0.160863009281
0.423653344624
0.891426348127
-0.289688095450
0.461065757088
0.838748576120
-0.867540505715
0.480236342177
0.129408366047
0.576337011531
-0.234646193683
0.782800620422
-0.639596838504
0.412999996915
-0.648341642693
0.776601549238
0.407802777365
0.480194676667
-0.043490091339
-0.685714249499
0.726570421830
-0.314119022340
0.932877957821
-0.176261038519
0.567335495725
-0.791713637300
0.226539070718
0.088819267228
0.994484393857
-0.055784641765
-0.091853356920
-0.260096696205
-0.961203760467
-0.134777420200
0.063477249816
0.988840576261
0.442728648894
0.298615432344
-0.845470380969
-0.486384864897
-0.375967223197
-0.788719474338
-0.372667201795
0.751406167634
0.544525413774
-0.091356795281
-0.994042697363
0.059439468198
-0.693374834023
-0.650889146142
0.309151511639
0.270285099745
-0.807903422974
-0.523677403107
0.471414653584
0.868274641223
-0.154490678571
0.032880467363
0.765858750790
0.642167615704
-0.677251613699
0.484051508829
0.554097813554
-0.726804877631
-0.284128909931
0.625320263207
-0.422221585177
0.053619295359
-0.904905466363
0.576576417312
0.230071564205
0.783981318586
0.748266482726
0.349254942499
-0.564019728452
0.170708856545
-0.907915124670
0.382816681638
-0.483617100865
-0.874493469484
-0.037090027705
0.782813228667
-0.437929085456
0.442065112293
-0.931806853972
-0.289458238520
0.218974689022
0.953650872223
0.110087056644
-0.280055087991
0.843500503339
-0.535966875032
0.035304509103
0.799526284449
0.561855893582
-0.212310325354
0.413797732443
-0.635036191903
0.652303970419
-0.456853391603
-0.607014851645
0.650244529359
0.369357758202
-0.139367461205
-0.918777206913
-0.327374669723
-0.309180248529
0.892879273742
0.689399767667
0.696519664489
0.198968127370
-0.294610650279
-0.873455648310
0.387659379281
0.480276837945
0.677256109193
-0.557367311791
-0.876602355391
0.112569565885
0.467863658443
0.983798602596
-0.151370745152
0.096058347262
-0.272807541303
0.436628643423
-0.857281442732
-0.508014443330
-0.728092671372
-0.460219930857
-0.767592324875
-0.409370960668
-0.493170799688
0.035812667571
0.169682449661
-0.984847865067
-0.905051988550
0.291864306666
-0.309347899631
0.088704725727
0.888378983364
-0.450460044667
0.134790602140
-0.352689502761
0.925981429406
0.881969739683
-0.329437158071
-0.337046787143
0.947001414374
0.295789558440
0.125287096016
-0.958340005018
-0.163619492203
-0.234121967107
-0.323288704269
0.749233395793
-0.578043018468
-0.805814131163
-0.581360913813
-0.112619151361
0.865345138125
-0.003439012915
0.501164606772
0.630670273677
-0.730404494330
-0.262229440734
-0.681245611049
0.681589779444
-0.267095090821
0.280290384777
0.023808502592
0.959619953297
-0.772515112534
-0.012719517574
-0.634868973866
-0.156898148358
0.952047972009
0.262654961087
0.736634791829
-0.053148239851
-0.674199114554
0.593403185718
-0.478970759548
-0.646884587593
0.304554993287
0.905662096106
0.294995632023
-0.581747664139
0.794546877034
0.173968141899
