-0.275579778478
-0.852798888460
0.443610009737
0.266956611536
0.584018007852
0.766587981023
0.515186916105
-0.401442694478
-0.757249101996
0.897962114774
-0.072893295437
-0.433993786573
-0.175404069945
-0.403404099867
-0.898052639328
0.894334044307
0.007319947705
0.447339952923
-0.615173012950
-0.716154406779
0.329674124718
0.840574309230
0.379040922970
0.386991999112
0.684296932071
-0.633487377316
0.361152946018
0.690567917190
-0.099727395922
-0.716359125450
0.648642143235
0.757952917367
-0.069070568308
-0.680489496328
-0.124251524918
-0.722146524116
-0.284551613964
-0.462950021960
0.839468673803
-0.523339057341
0.060987600125
0.849939257838
0.034681975842
-0.421107747592
0.906347298063
0.248749919236
0.708910486661
-0.659976816736
0.266611061059
-0.955089956522
0.129312475212
0.865689667873
0.499473939650
0.033274340443
0.171107316390
0.194702011533
-0.965822660364
0.788126541302
0.237602889538
-0.567804033868
-0.878352973610
-0.212083277293
-0.428388533182
-0.179518803023
0.172507947311
0.968511232175
-0.996077590622
0.018409715034
0.086547762156
-0.276659031399
0.669433901086
0.689433122985
0.169650327414
0.261787833646
0.950097834691
-0.841221665964
-0.522351772524
0.139623541385
-0.775878437795
0.630753502250
-0.012754164636
0.596329295076
0.540173891932
0.593804291449
0.142172187567
0.906480833888
-0.397592210211
0.588812312111
-0.803177667782
0.090585283935
0.966857813299
-0.199921843596
0.158799317665
-0.479400331154
-0.365210168064
-0.797995522618
-0.928942372091
-0.209317388013
0.305372393690
0.577254230157
0.512796169147
-0.635466475040
-0.785249754786
-0.068075098097
0.615425545722
-0.026737057604
-0.680677732453
-0.732094907202
0.497592127882
0.763465392403
-0.411731304601
-0.968710470945
0.071235490032
-0.237750978209
0.772530314513
0.540495154448
-0.333259508014
0.828707383946
-0.347432133742
0.438788084313
-0.560948291793
-0.287651242688
0.776269137859
-0.651855041273
0.465079830028
-0.598987274803
0.169853235595
-0.398397532292
-0.901348591782
-0.867797059007
0.395347876474
-0.301045376807
-0.817709382623
0.143844391219
-0.557368957438
-0.678579565138
-0.474831240252
-0.560415083542
-0.543575425632
0.206875405274
-0.813466853462
0.056405527517
-0.982149244286
-0.179447145201
-0.501821164042
0.854396069422
-0.134843885899
0.530665747821
0.193622707389
-0.825169140473
0.843000742607
-0.528330397792
0.101077878848
-0.363563995808
-0.080976913683
-0.928043080494
-0.637957543135
-0.769028057344
-0.040075154044
-0.470762267709
-0.619576990604
0.628098111600
0.292190976441
-0.638792639598
-0.711736183614
0.991870880127
-0.040970282629
-0.120472373441
-0.809164902195
-0.536307623610
-0.240054769441
0.564964234829
-0.515760105103
0.644055063836
0.445443789475
0.014903390780
0.895185857080
0.762938097119
-0.406886114739
-0.502363561653
0.463868385181
0.334568906575
0.820298583247
-0.282051141374
0.861370543949
0.422478328459
-0.252686140127
0.963576043025
0.087583809160
-0.912594063208
0.164424373768
0.374348366633
-0.751777101308
-0.429195779376
0.500621784478
0.371283124201
-0.327541021630
0.868830086663
0.370049015619
-0.108151706867
-0.922695470974
0.975636793301
0.173673463985
0.134053623304
-0.248770221137
-0.163451953791
0.954671060666
0.322216146626
0.447794538923
-0.834060432389
-0.364704467356
-0.646588626318
-0.670010296628
-0.003501038067
0.514774788171
-0.857318295166
-0.347050974146
0.523691114970
-0.778012362309
0.915881524794
-0.354556858540
-0.188282941468
-0.064815483987
0.500063824467
0.863559565507
0.245233687572
-0.653407153673
0.716184005141
0.188832381740
-0.856107836589
-0.481063095853
-0.192138561979
0.938156035729
-0.288003512658
0.712515806779
0.187432698905
0.676158418879
0.072609819472
0.996513098478
-0.041103002615
0.663808445446
0.692349005491
0.282862513326
-0.425560065545
0.754343095236
-0.499865105376
-0.084192811511
-0.985076462850
0.150119725615
0.682316053659
-0.174656333402
0.709887291305
-0.421597681940
0.396910858341
0.815301884897
0.387456842698
0.907227589749
0.163753759116
-0.104253403842
-0.703122596256
0.703384561464
0.416885980405
-0.800862168893
0.429913786240
-0.106033761054
0.774362358265
-0.623794660904
0.529206596315
-0.687077890150
-0.497859768569
-0.309793937020
-0.938477648422
-0.152602158487
-0.406659591943
-0.900664304383
0.153074445203
0.056083835661
0.948822195642
0.310790996067
0.360034379177
0.795596163720
0.487239149399
0.085280548781
-0.885661732405
0.456432384439
0.937616457231
0.255836462602
-0.235421074554
0.368995059282
0.915819787420
-0.158482686616
-0.561232906766
0.623896717094
0.543847872876
-0.942061496899
0.332904364914
0.041168178432
-0.531467875466
-0.757536809891
-0.379051286727
-0.196874915622
0.228812637739
-0.953354625963
0.105335023254
-0.083133678883
0.990955762565
0.417109992355
-0.885108876042
-0.206401382573
-0.961105185561
-0.265742667951
-0.075217390433
-0.714108875953
0.299192545936
0.632876236923
-0.174221721478
-0.870363600552
-0.460558350198
-0.006293853745
-0.097740510479
-0.995192031376
-0.566901177168
0.793625726365
0.220864802599
0.721901423298
-0.657661987469
-0.215265053324
-0.798526084982
0.506497647613
0.325294055976
0.025200903416
0.783198324963
0.621261053719
-0.680090220645
0.656047944911
-0.327228335664
