0.797049413435
-0.031793455593
-0.603076617233
-0.022229013965
-0.997644169256
0.064899785444
-0.806182455271
0.560010155663
-0.190941021778
0.573275944218
0.548793396913
-0.608424603008
0.578767279163
-0.815361742862
0.014617237262
-0.390089381486
0.770655834116
-0.503904611804
0.260362352245
0.590403966606
0.763959815726
-0.352555174381
-0.244432512671
0.903303710744
0.938130875118
0.310432984494
-0.153433442116
0.336485786363
-0.390098066069
-0.857088567689
-0.586743608117
0.305608148687
-0.749890388921
0.937308587134
0.051060455851
0.344739672728
-0.922720460221
0.045175140724
-0.382813476026
0.298500780016
-0.819040348753
0.489969580434
-0.743916308507
0.091623449698
0.661961983889
-0.214412466623
0.812844667584
0.541581793688
-0.176150684245
-0.034872730263
-0.983745306730
0.736729659140
-0.457832396030
0.497613208368
-0.169589292258
-0.574211074039
-0.800950131379
0.624219679274
0.773865208030
-0.107156103477
0.718692033552
0.564835024998
0.405515911058
0.184131845832
-0.866629908793
-0.463732750155
0.946947667748
-0.313874377869
-0.069086810574
-0.767280621454
-0.428231364116
0.477386997081
0.242086530663
-0.425037609413
0.872202465311
-0.011326642707
0.546943667345
-0.837092785165
-0.348007439636
0.937267774716
0.020492435433
-0.647022066638
-0.318917828612
-0.692570473999
0.610266904347
0.076449764892
0.788498406298
0.139577138238
0.920768599957
-0.364284787327
-0.547219204716
-0.821716290899
0.159164939076
0.359914586879
0.147010116838
-0.921330295503
-0.876306797378
-0.462936202995
-0.133328420110
-0.983702837490
0.071406260133
0.165014764294
0.096838234924
0.094283705577
0.990824373439
0.671165244654
-0.571550868452
-0.472087722272
-0.241667830385
-0.743242145516
0.623849157244
-0.712837752886
0.587324638851
0.383291147649
0.236595150083
0.939117523842
0.249160609208
-0.336485786363
0.390098065138
0.857088567689
-0.430599868298
-0.818555464037
-0.380198243074
