0.392315920442
-0.821329314262
-0.414133281447
0.505073253997
-0.264814388938
0.821446496062
0.270127070136
0.895005049184
0.354961020872
0.767736135982
0.629152864218
-0.121440922841
-0.216082797386
-0.686026913114
-0.694748369977
-0.794584796764
-0.580961060710
0.176406478509
0.128522849642
-0.449397517368
0.884038317949
-0.186716350727
-0.234408768825
0.954038538039
0.500899746083
0.807211074047
-0.312265469693
-0.278000563383
0.827539788559
-0.487743359059
0.832824421115
0.507020277902
0.222112404183
0.043729628436
-0.864677343518
-0.500420633703
-0.229806988500
-0.971574759111
0.056843942963
-0.461616945453
0.006301417947
0.887056980282
0.529930830002
0.110845929943
0.840765421279
-0.555309678428
-0.325491818599
0.765301401727
0.042614399455
-0.009307673201
-0.999048236758
-0.476975101046
0.686786978506
0.548469140194
0.405812312849
0.636704443023
-0.655685761012
0.801957963035
-0.084118688479
0.591428331099
0.227746655233
0.366671069525
-0.902044226415
0.742063278332
0.492080595344
-0.455190923065
-0.561998205259
0.281336613931
-0.777822425589
-0.498910968192
0.360830835067
0.787965070456
-0.697822453454
0.689208072610
0.195028343238
0.571955538355
0.671837967820
0.470638507977
-0.583214103244
-0.804132882506
-0.115028757602
0.903803103603
-0.419820061885
-0.083012432791
-0.984694020823
0.145218927413
-0.096380219795
-0.347067505121
0.574832648039
-0.741020628251
-0.830081455410
0.529529994354
-0.174822082743
-0.765363126993
0.404145950451
0.500884551555
-0.969672928564
-0.237900136039
0.056017281488
-0.573430568911
-0.621992433444
0.533200519159
-0.165299005806
0.973553934135
-0.157699002884
-0.750036748126
0.035692391917
0.660432379693
-0.116141962819
0.845295608975
0.521523131058
-0.746629179455
-0.381134192459
-0.545235355385
0.240128651261
0.968578943051
-0.064753849059
-0.552468366921
-0.677494050935
-0.485572355799
-0.629285329953
0.594741696492
-0.500282206573
0.459854811430
-0.887960622087
-0.007712663151
-0.516704365611
-0.822543528862
0.237568390556
0.700005375780
-0.663557908498
-0.263976086862
0.610051681288
0.283319445327
-0.739977727644
0.125743625686
-0.959867105819
0.250686414540
-0.225981100462
-0.859986544587
0.457554023713
0.712752871215
-0.473799035884
0.517201910727
0.991319956258
-0.067360420711
-0.112904019654
0.849284065887
-0.303888503462
-0.431704008020
-0.544627906755
0.821555391885
-0.168603616767
-0.270874287002
-0.903785894625
-0.331358079799
-0.945868511684
0.058510236442
0.319232376292
0.193899621256
-0.637480831705
-0.745668239892
0.927673310041
-0.272314192727
0.255474477075
-0.465976357460
-0.396841436625
-0.790811549872
0.570024635643
-0.523129675537
-0.633567089215
-0.844631984830
0.248707124032
-0.474069166929
0.668276182376
-0.136576877907
-0.731268554926
0.182340607978
-0.056479882449
0.981611900963
-0.169636086561
0.316161713563
-0.933415967040
-0.159298388287
0.565579232760
0.809162625112
0.105210501701
-0.777388198301
0.620159928687
0.206157007255
0.693673568778
0.690156696364
0.744536397979
-0.648872069083
0.156941354275
0.771372348070
0.308201540262
0.556773302145
0.012788119726
0.660319203511
-0.750876163132
-0.906279179268
0.390724591911
0.161221403629
-0.833220209926
-0.511671164073
-0.209610830061
0.399521802552
0.041535574943
-0.915782246739
0.959935368970
0.123478285968
0.251549596898
0.104431084357
-0.982905761339
-0.151625895873
-0.084898649715
-0.377453966998
-0.922128364444
-0.928217854351
-0.131126893684
-0.348162822425
-0.155561509542
0.185735367239
0.970207704231
0.485587327741
0.456900460646
0.745283110067
-0.237738532014
-0.594476863742
0.768165117130
-0.355496513657
-0.045464845374
-0.933571194299
0.564474258572
0.818569748662
0.106359656900
-0.385591496713
0.900344497524
0.201739885844
-0.835153471678
-0.305947263725
0.457072149031
-0.705287942663
-0.059949286282
-0.706381624565
0.182376207784
0.347604236566
0.919733772054
0.461703624576
-0.798038396053
0.387252476066
0.874633161351
0.103823917918
-0.473537143320
0.321725620888
-0.313745453954
-0.893340032548
0.943222161382
0.307436083443
-0.125757730566
-0.033719471656
0.982301698066
0.184245405719
0.411638685502
-0.593574148603
0.691536926664
0.128190997057
0.886163675226
-0.445287555456
