0.924038380384
0.016863783821
0.381927589886
-0.999802375212
0.011371833272
-0.016306189820
-0.195572852157
0.234842434525
0.952155601233
-0.757974393666
-0.376736640930
-0.532488797791
0.681368321180
-0.197410081513
-0.704816621728
0.767516072839
0.188977806829
-0.612540991046
-0.776969582774
0.240998386405
0.581582361832
-0.066002298146
0.949871088378
0.305595501326
-0.682449399494
-0.554938906804
0.475715908222
0.529723919928
-0.782811137848
-0.326495464891
0.074257429689
-0.701528305188
0.708762209862
0.074689380825
0.915056114085
-0.396350607276
0.728188117966
0.026459184475
0.684866392054
-0.914648030885
-0.020430045202
-0.403734556399
0.999970138073
0.006841858849
0.003593135625
-0.678120375611
0.629793465137
-0.378831026144
-0.758379024453
-0.644772755913
0.095547614619
-0.451209658757
-0.398997149430
-0.798255044967
-0.778841439635
-0.176915322430
0.601753254421
-0.505143195391
-0.357368485071
0.785568658262
0.167261040770
-0.565330347046
-0.807728507556
0.915281062014
-0.079462573864
-0.394900335930
-0.089065821841
-0.906179306097
0.413408203982
0.909766683355
-0.346539575607
0.228549563326
-0.345007011667
-0.704432290047
0.620278411545
-0.677642249502
0.601938637905
0.422458112240
0.080343080685
0.766531652771
0.637161057442
-0.511300070211
0.238748465665
-0.825573381037
0.190227553248
-0.815174001269
-0.547087584622
0.163085678592
0.438865948468
0.883628734387
-0.170247771777
-0.907398786396
-0.384243591689
-0.446081453003
0.567575300112
-0.692004056647
0.682947925292
0.655239203013
0.322867956012
-0.174464027397
-0.485801262781
0.856480843388
0.917781108059
0.360580532812
0.166311500594
-0.509157161228
0.848123657517
-0.146441954188
-0.939185434952
0.022015310824
0.342704017647
0.330879804678
-0.829321027733
0.450272345915
0.327059342526
0.869394990616
0.370384307578
0.481050378643
-0.171565556899
0.859741699882
-0.762487695552
0.305447192863
-0.570363502949
-0.677545442246
-0.068705921993
-0.732264752500
0.493867521174
-0.866803434677
0.068896124139
0.162311159074
0.045736010186
0.985679107718
0.187423517928
-0.961887123995
-0.199111989699
0.771115061827
0.631207811646
-0.083416173235
-0.759792110883
0.649595981464
0.027221462689
-0.165270533413
-0.676076781005
-0.718056986108
-0.499978605658
0.436414669268
0.748039857484
-0.178466110490
0.980429681949
-0.083111282438
0.484732622281
0.245984717272
0.839360353537
0.774837955832
-0.472426406108
-0.420046939515
0.771358844824
-0.635452340357
-0.034725405276
0.498859956861
-0.557868476026
-0.663265787996
-0.319455691613
-0.043886451982
-0.946584407240
0.749480184168
-0.321352615021
0.578802167438
-0.490553395823
-0.860155434348
-0.139606565237
0.453117471188
0.606118962169
0.653685214929
0.757825239561
0.360540365800
0.543793664314
0.689118864946
0.564290891401
-0.454632794484
-0.329453183338
0.765016674995
0.553362526000
0.324231821112
0.708167199045
-0.627194501460
-0.310001030564
0.836842803285
-0.451213344000
-0.912746775895
0.354603711516
0.202853468247
-0.197594796307
-0.142385734245
0.969887930900
-0.488887134939
-0.697034859098
-0.524530049413
-0.733698285185
-0.624686970375
-0.267306964844
-0.076348036528
-0.332804449834
-0.939900087193
0.161022208631
-0.973542455584
0.162132455967
-0.915931107476
-0.322716912255
0.238587508909
0.191308006644
0.413788813166
-0.890044978820
-0.462676454335
-0.845304998569
0.267188990489
-0.927026016638
-0.341225239448
-0.155525236391
-0.452715503052
0.866313252598
0.211068755947
0.671385170892
-0.646275919862
0.362724945880
0.461569359526
0.094929220155
-0.882010299712
-0.059920256026
0.688399825245
-0.722852158360
0.920302198268
0.301605818793
-0.249154153280
-0.914307425730
0.349233966321
-0.205128170550
0.459043288603
0.839665910229
-0.290241996758
0.075118017383
0.039800002240
-0.996380069293
0.449843585491
-0.547926374711
0.705278268084
0.334107177332
-0.259747695178
-0.906037266366
-0.167260982096
0.565330341458
0.807728523389
-0.536536781117
0.043152440339
0.842772892676
-0.171446135268
-0.985083078966
0.014749567024
0.936388139613
-0.325711542740
-0.130725825205
0.189920105040
0.981761885807
-0.008599538356
0.520870090462
0.423525468446
-0.741161605343
0.521336366422
0.850870149210
0.065026006661
-0.177663859911
0.348872881383
-0.920175670646
0.159097651020
-0.355561537668
0.921012448147
