-0.243862126954
0.903703194112
0.351925842464
-0.932962362655
-0.204876574688
0.295984487981
0.165020891465
-0.866157189012
-0.471741272137
-0.874062978663
0.092859210446
0.476855402812
-0.952133371495
0.027971277945
-0.304400475696
0.227611632086
-0.523338597268
0.821163598448
-0.438567706384
-0.309288122691
0.843800463714
0.731638117693
0.576890555210
0.363184458576
-0.447023121640
0.341912876815
0.826599002816
-0.100316277705
0.735805185512
-0.669721862301
-0.744809397496
0.666417513043
0.033862338401
-0.043155652471
-0.266351399012
0.962909404188
0.318630465306
0.946748270653
-0.046285385266
-0.443837489001
-0.133070668206
-0.886171811260
-0.452449763194
-0.871607230045
-0.188653246500
-0.070936747827
-0.266808623448
-0.961135336198
0.353682016023
-0.181150826626
0.917656475678
-0.692502912134
0.414691691287
0.590313913301
-0.077461350709
0.996753428131
-0.021962257102
0.006414090283
0.755865705200
0.654695268720
-0.953516609035
-0.297906936146
-0.045360039920
0.617441238835
0.397695010528
0.678678859025
0.596681392752
-0.403714275919
0.693531612866
-0.797387054190
-0.540046779439
0.269301616587
0.394759226590
0.715179419145
0.576787265949
0.087064239196
0.118806201965
0.989092970267
0.598740530200
0.546185349114
-0.585825350136
0.917409540154
0.391818602569
0.069555142894
0.150394392200
-0.940126210451
0.305850017816
-0.118734819815
0.439840662293
0.890192245133
0.302926008590
-0.339370667003
-0.890541061759
-0.176122008823
0.121076459996
-0.976893816143
-0.597853832878
0.718668187968
0.355087071657
0.429485630244
-0.732898522168
0.527637989260
0.497359775938
0.794991747476
-0.347305878997
0.207945781760
-0.975415207446
-0.072963848710
0.873847198673
0.209280265495
0.438854009844
0.078293354250
-0.780822013505
0.619828308932
0.106724862941
0.918536521494
-0.380657931790
-0.299245512113
0.884000604041
-0.359158814885
0.276243558154
0.687847104855
-0.671234575100
0.049194572493
-0.623799781315
-0.780034438707
-0.181519164704
-0.978198527358
0.100888218731
-0.232300097123
-0.802560589276
-0.549484452233
0.839456507005
-0.134621320292
-0.526488244534
-0.992701642215
0.089315011166
0.081032563932
0.777975210920
-0.626750334166
-0.044029400684
0.245642757043
0.484188846312
0.839774252847
0.137633259408
0.936381524429
0.322872614488
0.566477059387
-0.025091705844
-0.823695421219
-0.106479475275
-0.961943257600
-0.251649140380
0.205136177130
0.040622148663
-0.977890069596
-0.188062819652
-0.593971759081
0.782195579261
0.730698443018
-0.579456685111
0.360984396189
-0.366815613583
0.663068902679
0.652522746474
0.087608879432
0.426620759070
-0.900177433155
-0.635586400516
-0.359377836809
-0.683284345083
0.511267943308
-0.846795343794
0.146774431691
-0.759308912791
-0.640807417221
-0.113207010552
0.745771748014
-0.524933094159
-0.410206953995
0.485417784192
0.835607829504
0.257155844010
0.992427771911
0.007781546563
0.122582884505
0.615025319159
-0.357549974695
-0.702781524509
-0.585775805637
-0.654056726024
-0.478619372472
0.922738486901
-0.354281374253
0.151784026995
-0.281272020191
0.045282194391
0.958559112623
0.421891172417
-0.649888547137
-0.632180918008
-0.540367452428
-0.817481500097
0.199316360988
-0.655974969268
0.690476229414
-0.304859665222
0.510959917679
-0.816589266993
-0.268518025056
-0.535869903862
-0.620382052846
0.572686260566
0.688567150384
0.725041340105
-0.013796138577
-0.782800225541
0.354658137076
-0.511313417926
0.811476945877
0.504106029868
-0.295604931191
0.863372869790
-0.197025361471
0.464508658275
-0.260024578311
0.457759682089
-0.850201911293
-0.541624115780
0.242299763486
-0.804943563417
-0.487364836968
0.615212081000
-0.619668951258
0.684952723794
-0.008999302983
0.728531933390
-0.848635770380
-0.352515900508
-0.394398109056
-0.328333428130
-0.517309684306
-0.790308704600
0.424779911526
0.174726558849
0.888275100850
-0.453174307011
0.891397561878
0.006590346806
-0.239980799146
-0.854705677368
0.460312305950
0.770035210066
0.229015215300
-0.595481154509
0.946046769619
-0.263367140666
-0.188767736778
-0.635634277016
0.035150167532
0.771189684980
0.443248467520
0.333860077895
-0.831906390376
-0.747374181636
-0.291234378703
0.597171975300
-0.872581842355
0.415801146068
0.256340269931
-0.767566688359
-0.023203351535
-0.640548969619
0.958324268460
0.136814582162
-0.250791477039
-0.907207034528
0.392479689792
-0.151443349198
