-0.789412218146
0.601929931901
0.120452089235
-0.462750328705
-0.854625939392
0.235534785315
0.022127158009
-0.962228250690
0.271343289874
0.039239508100
0.951073944569
0.306461434811
0.858906437643
-0.240045154467
0.452391481958
-0.839212355204
0.253433643840
0.481138244271
-0.636505592614
-0.156330007128
-0.755262576044
-0.979608188383
0.196523425169
0.041789233685
-0.215351130813
0.727814955637
0.651083158329
0.653636125848
0.517459446564
0.552264008671
-0.467290968634
-0.570675218478
-0.675254725851
0.609018236399
-0.744741147384
-0.272868850268
0.266575577669
-0.324976699427
-0.907374016009
0.716313209385
0.418718385510
-0.558184823953
0.376826927066
0.410311451182
-0.830449262634
-0.914580333047
0.022745998576
-0.403764079325
-0.143025129102
-0.860012955964
-0.489817849360
-0.477236963809
0.330215893686
0.814372360706
0.213171288371
-0.957351512276
-0.195028415881
0.802632971667
0.574660580605
0.159829686396
-0.806552343071
-0.585525861010
0.081441902556
0.466184640303
-0.867813355289
0.171964703128
-0.973050214350
-0.221863635816
-0.062847489491
0.922071276233
0.195751573890
0.333865065128
-0.219918100163
-0.227092660032
-0.948717529885
-0.656722120941
-0.542083598673
0.524272282608
0.993731411174
-0.111600197852
0.006578493863
-0.558395932429
-0.789629141800
-0.254322235473
-0.340734770522
0.218536631204
-0.914407761768
-0.053857395425
-0.591100972146
-0.804797502235
0.678197973408
0.070018680766
0.731535980478
-0.819433569908
0.477396183647
-0.317208931781
0.243482819758
-0.017206107266
0.969752578996
-0.162624414079
0.983753482811
-0.076041984372
-0.215101330541
-0.754966305569
0.619481471367
0.934638102539
0.320363343693
-0.154333869927
-0.376826939173
-0.410311464220
0.830449251458
-0.223978022113
-0.028954908252
0.974163979292
0.255324592814
0.955327922478
-0.148855338804
0.634236067533
-0.610396052711
0.474511610344
0.387326807715
0.367386383936
0.845579793677
-0.691964575090
0.263273252174
-0.672214415856
-0.606030727737
0.607512626797
0.513473625295
-0.032162840478
0.559216443449
-0.828397561796
0.640921971761
-0.410412778147
-0.648675863631
0.305662655272
-0.730061070994
-0.611212870106
-0.030717870221
0.395236730576
0.918065541424
0.239275741391
0.723643728532
0.647369192913
-0.458230374381
0.616981534287
-0.639811463654
0.569954838604
0.020350299776
-0.821423974819
0.653051226400
0.726958814077
-0.212261574343
0.826185961254
-0.554263186641
0.101039975882
-0.422216594219
0.874070730060
0.240277974866
0.344184017740
0.751755970530
-0.562494729646
-0.530728824437
0.816716122441
-0.226498759352
0.107371195219
0.107182873413
-0.988424633630
0.501619231887
-0.356083609164
0.788405104540
0.252436061390
-0.749478626996
0.612011291087
0.476813035086
0.844360640272
0.244344917126
-0.206523181871
-0.974572634324
-0.086927298456
-0.662208215334
-0.093383876607
0.743478129618
0.052349231206
-0.437835327350
0.897529822774
-0.805545675568
-0.436982269399
-0.400178284384
0.869854703546
-0.398652986623
-0.290565982461
0.880769107491
-0.010754486546
-0.473423825577
-0.913713052869
-0.187338004820
0.360600786284
-0.101879678667
0.868668523617
-0.484804626554
