-0.922501806170
0.198868520558
-0.330819780007
0.474520432763
-0.702572337352
0.530304127373
0.905128396116
-0.410997703671
-0.108735793270
-0.329099110328
0.941374151036
-0.074219145812
0.244635203853
-0.922663732432
-0.298069208860
-0.862063038163
-0.466493760236
0.198067890480
0.145719246939
0.970268032514
-0.193250732496
-0.072033696808
-0.834448227659
0.546358215623
0.841036695056
-0.383564137854
0.381491583772
0.637948740274
-0.599707437679
-0.483086319640
-0.213820421137
-0.976002968848
0.041219302453
-0.141881933436
0.504076732323
-0.851924975403
0.551705961116
-0.244087622501
0.797522265464
0.178130270913
0.710383663885
0.680899886414
-0.599338460714
0.413039591163
-0.685705260374
0.878460374661
-0.101592253894
-0.466890119016
0.051417146809
-0.106168215163
0.993017918430
-0.590871701948
0.753605939448
0.288008191623
-0.298682813533
-0.454426179640
-0.839217148721
0.543939041905
-0.194924372248
-0.816170819104
0.149220337160
-0.530105993152
0.834698104300
-0.294165975414
0.062856923789
-0.953685160726
0.646824887954
0.340139787644
-0.682585150003
0.434020128101
0.874044890516
0.218339313753
-0.082228193991
0.939899404533
0.331402522512
0.197126749903
-0.644261359237
-0.738964373246
-0.357121997513
0.618471200578
0.699969463982
-0.892577631399
0.439452476799
0.100929141976
-0.443454077467
0.085794338956
0.892181490548
0.236080472358
-0.952717911452
0.191297126934
0.609819285572
0.742669615895
-0.276698896661
-0.918274791911
-0.303496201523
-0.254286177456
-0.229487097822
-0.849101787433
-0.475774972700
-0.753846408799
-0.231806893833
0.614801719785
0.610966412351
0.559419609606
0.560151534155
-0.250780497678
0.813307950273
-0.525013636798
0.839014164172
0.520320381038
0.159128666855
-0.767016242258
0.307088895701
0.563367103226
-0.340030929074
-0.442094926722
0.830018699169
-0.983589930460
-0.007511626929
0.180262096226
-0.537593315355
-0.727583048865
0.426164676435
0.997382666916
0.022901384160
0.068580911495
-0.688925265335
0.676425350830
-0.260443316773
-0.630855585448
-0.561845125630
-0.535118008964
0.896383658983
0.344758873805
-0.278635341674
0.833323619328
0.117445580661
0.540165049024
0.240186247975
0.238012856804
-0.941095342860
-0.633871493861
-0.765961977653
-0.107280830853
-0.036911712959
0.356862465851
0.933427396230
-0.704226015136
-0.101701941341
-0.702653850429
0.264565401711
0.709770366549
-0.652863824740
0.429462928325
0.243884872645
0.869529619813
0.642621927895
-0.765522312373
0.031822105870
0.095609730110
-0.223783819936
-0.969937926158
