-0.479808574542
-0.122469197959
-0.868783647195
0.091336318292
-0.038505952805
0.995075358078
0.386044562794
-0.201780366711
-0.900141254067
-0.292916029692
-0.926608708687
0.235789097846
-0.713218564168
-0.531145987101
-0.457387384027
0.400568747893
-0.205388003960
0.892950415611
0.395605096593
-0.520647182129
0.756586490199
0.640184261836
-0.581643586978
0.501851418987
0.258402349427
-0.929605528712
0.262796089984
0.005987690762
-0.997234814800
0.074073416181
0.835765370168
-0.288879306056
-0.466952878982
-0.112374244258
0.769882507622
0.628214096650
0.195281751454
0.967442867346
0.160994829610
-0.422380521894
-0.631798576564
-0.649942498654
-0.574333796278
-0.737226259895
0.355862515979
0.431669864804
0.899780386128
-0.063689740375
0.694359279238
-0.074926356785
-0.715717284940
0.032035782002
0.861522771418
-0.506707235239
-0.184790935367
-0.849458334036
-0.494239666499
-0.437660731375
0.651577589102
0.619596423581
0.141887694597
-0.798000830226
-0.585715421475
-0.199729428627
0.174164807424
0.964248294942
0.745050476864
0.574842511676
0.338313274086
0.718015037477
0.265091793612
-0.643568756990
-0.984590902925
0.092527294531
0.148389531299
0.674928117543
0.734539571218
0.070168742910
-0.985772889107
-0.047390524298
-0.161263597198
-0.954359138384
-0.264366176911
0.138957396150
0.678290220909
-0.605683900416
-0.416016089730
-0.479617996141
0.347701099701
0.805649130605
-0.870133563876
0.444792964496
0.212195188738
0.345018008724
-0.937760356814
-0.039599053562
-0.790815269575
0.499241874553
-0.354074510746
0.858734559268
-0.316637020558
0.402884540148
-0.189002337866
-0.191177941859
0.963186955079
0.589880264364
-0.400269121863
-0.701303003356
0.472186817788
0.431999959983
-0.768385087140
0.274742045440
0.676207412966
-0.683564438485
-0.892961539328
-0.107067668810
0.437214137986
0.356673466973
0.112022300251
0.927488566376
-0.351032621227
0.866676004604
0.354469745420
0.138891387731
0.044066235423
-0.989326714538
-0.553380580619
0.779702402651
-0.292974564247
-0.299854999408
-0.383873077109
-0.873343253508
-0.889879139140
0.160871297121
-0.426890550181
-0.126336512156
0.299451519735
-0.945710247383
0.898992246948
0.062281182967
-0.433513544500
0.374186296947
0.839068371803
-0.394903634675
-0.761272166856
0.647340628318
-0.037613788620
0.076241177507
-0.958618626930
-0.274294748902
-0.277356699109
-0.773746524937
0.569552082568
-0.643785408698
0.702372218482
0.303666943684
-0.727367978543
-0.663623320870
-0.174756716006
-0.564635122195
0.608963274397
-0.557091471739
0.481675631367
0.824815757573
0.296087066643
0.671906651929
-0.277523078956
0.686674879864
-0.450473888777
0.186815265566
-0.873025389388
-0.791238876060
-0.443634100258
0.420867942274
0.674003890716
0.698638626374
-0.240047543310
0.110833010636
0.324717733078
0.939294648357
0.856995166279
-0.486811906099
-0.169036838226
0.846534504555
0.405122762546
-0.345332996920
0.451955247670
0.385266160592
0.804553564638
0.109030861408
0.976793404669
-0.184355404228
0.855263939127
0.010779081844
0.518080500886
-0.697705168277
-0.226206230000
0.679733946919
-0.212319036946
-0.531238524243
0.820186720230
0.733328517526
0.342123459093
0.587520912290
0.064868541434
-0.693105896004
0.717911059037
-0.239049495198
0.935337880626
-0.260765003040
0.787537519820
-0.590502923355
0.176326262765
-0.171731557697
0.512148922309
0.841553178616
-0.703718630597
0.455441872589
0.545300640166
0.254495793954
-0.522038729861
-0.814068458043
0.601041845046
0.594210878015
-0.534473694861
-0.799912005663
-0.587670199573
0.121591604315
-0.368692910299
0.497787435539
-0.785030703992
0.546458846889
-0.803404033184
0.236484007910
-0.190053899772
-0.046047469601
-0.980693195947
0.643826193176
-0.758701340295
-0.099298077635
-0.255737687461
-0.956225525588
-0.142235645093
-0.535767751746
-0.551454710774
0.639414275996
0.101101713255
-0.392298913561
0.914264733903
-0.677924927324
0.333276937716
-0.655243675224
0.460645584390
0.132285641506
-0.877670868300
-0.544723187573
-0.838372549973
0.020201841369
-0.490744047798
-0.799566188827
-0.346214078367
0.869327254593
0.494233151898
-0.001927583478
0.503030075692
0.632693480700
0.588778142817
-0.483021159656
0.875247489661
0.025147370994
-0.624609520659
-0.342942996882
-0.701607472263
0.001562315039
-0.900211278349
0.435450584628
0.981552163139
-0.036181693897
0.187739806250
0.940005736426
-0.328744610772
0.091193174012
0.974369804375
-0.145802766085
-0.171303927898
0.434780700132
-0.666241488419
-0.605877892114
-0.152561899275
0.986296154559
0.062807339244
-0.084412118420
-0.624168535694
-0.776716314256
-0.903745827265
-0.390299351886
-0.175812098198
-0.445684967563
-0.316797574051
0.837259938940
-0.879930937663
0.212907236069
0.424725854769
-0.719828611240
0.005142191425
-0.694132788107
-0.291460483335
0.773746567778
-0.562465139665
-0.723099916242
0.120158800855
0.680212005042
0.341923353262
-0.774554166943
0.532122411765
-0.043116873130
0.931253203191
0.361812666990
-0.049869563431
0.623478991911
-0.780248018913
-0.862986791879
-0.201851795428
-0.463151863776
0.919303853996
0.280086710118
0.276463120244
0.978208289482
0.187559363432
-0.089050698094
0.224268531427
0.831762440503
0.507813811302
0.631384054199
0.061127006076
0.773057348095
0.408052366227
-0.844509744085
-0.346837941557
-0.941202466376
0.319674315862
-0.109298892319
0.037774128839
-0.307341136970
-0.950849378482
0.191097731702
0.387250813656
-0.901952583343
-0.481380695477
0.001922496594
0.876509513706
0.178203652613
0.614296339452
0.768689445220
