-0.392302803695
-0.405235142447
-0.825762065127
-0.421096354723
0.631795955822
0.650777786970
0.834357427433
-0.161837864667
0.526930913329
-0.094346044585
-0.848150238395
-0.521286865696
-0.059881380759
0.961880712770
-0.266832742840
0.508603741415
0.192001468502
-0.839319765568
0.500702175312
-0.715007733554
-0.487915229052
-0.686675459146
-0.683269413188
-0.248233199120
0.272667204030
0.704229538329
-0.655525248498
0.829214784317
-0.558889992535
-0.006694464944
-0.068263927475
0.202246406116
-0.976952622645
-0.886943381280
0.364150157198
-0.284123389982
0.297340557911
-0.318059223704
0.900237147696
-0.661290475167
-0.610468645580
0.435916206799
-0.604555323720
0.159908978269
-0.780347344466
-0.974589326419
-0.183160817251
0.128948668949
-0.074656187557
0.956032341346
0.283599391580
0.807835436426
0.468531467021
-0.357603370212
0.235683047213
-0.373899224214
-0.897024453618
-0.036801141687
-0.810045676306
0.585210797377
0.263212381862
0.715334673412
0.647314101458
0.537973613478
-0.682325274684
0.494991524145
0.479071080685
0.877765882760
-0.004237148911
-0.867059873417
0.391980843619
0.307503159158
-0.697315977886
0.014737357385
0.716612333432
-0.094753880054
0.223693413660
0.970042760484
-0.863640504889
-0.205659217201
-0.460249240510
-0.581952082925
0.813215884380
0.003420169465
0.999653764069
0.019642928615
-0.017507322133
0.295578362420
-0.955130053684
0.018973952159
0.810122711584
0.483579305001
0.331439657137
-0.395482194610
0.670519679785
-0.627691955306
0.810132037848
-0.196561899036
-0.552312863991
0.513439264148
0.232719248161
0.825967234559
-0.296343789436
-0.364102194086
0.882955236360
-0.292522963136
-0.953970400617
0.066111943685
