0.850650807843
0.000000000000
-0.525731111877
0.525731111877
-0.850650807843
0.000000000000
0.000000000000
-0.525731111877
0.850650807843
0.850650807843
0.000000000000
0.525731111877
-0.525731111877
-0.850650807843
0.000000000000
0.000000000000
0.525731111877
-0.850650807843
-0.850650807843
0.000000000000
-0.525731111877
-0.525731111877
0.850650807843
0.000000000000
0.000000000000
0.525731111877
0.850650807843
-0.850650807843
0.000000000000
0.525731111877
0.525731111877
0.850650807843
0.000000000000
0.000000000000
-0.525731111877
-0.850650807843
