0.430951409042
0.805724066682
-0.406312206760
0.333297085948
-0.872971558943
0.356137204915
-0.927483711392
-0.050461134873
0.370442490093
0.708148373291
-0.632834994234
-0.313122580759
0.590638355352
0.094697731547
-0.801360513084
-0.457497491501
-0.685282067396
0.566643214785
0.851576115005
-0.243766565807
0.464107725769
-0.528246841393
-0.367818363011
-0.765287478454
-0.155918374658
0.351194211282
-0.923229161650
0.018558451906
0.909143744968
0.416068783961
0.154346990399
-0.474644958042
-0.866538614035
-0.339296072721
0.876031080261
-0.342706464231
0.169069190510
-0.376586682163
0.910822748207
-0.134516244754
-0.956907870248
-0.257357156835
-0.821291438304
-0.554541955702
-0.134028322995
-0.399282327853
0.203636504710
0.893927175552
-0.704120344482
0.649466144852
0.287068399601
0.965934453532
0.144594920799
-0.214622783475
0.375515232794
0.331968540326
0.865323753096
-0.871715470217
0.254037765786
-0.419019034132
0.745275580324
0.593310523778
0.304215270095
