0.829558760859
0.348960812204
-0.435957122594
-0.460029760376
-0.078716835938
0.884407303296
0.248065934516
0.658079758286
-0.710910909809
0.521247742698
0.838287253864
-0.159922695719
0.477903553285
0.386782023124
0.788674748503
0.460029758513
0.078716837801
-0.884407304227
0.769827571698
-0.355964427814
-0.529768660665
-0.248065934516
-0.658079756424
0.710910911672
-0.389897388406
0.651833976619
-0.650455603376
-0.996360236779
0.085094277747
-0.005024169572
-0.521247740835
-0.838287255727
0.159922694787
-0.781958801672
0.146875673905
-0.605778810568
-0.260197162628
-0.867168510333
-0.424636561424
0.378850774840
-0.842228730209
-0.383565971628
0.781958801672
-0.146875672974
0.605778810568
0.171047582291
-0.144200528041
0.974653236568
0.260197163559
0.867168512195
0.424636557698
-0.171047583222
0.144200533628
-0.974653235637
-0.740409181453
0.662408228964
-0.114059553482
-0.151418843307
0.482513243333
0.862701166421
0.837056273594
0.478184768930
0.265849809162
-0.477903552353
-0.386782019399
-0.788674750365
0.103818883188
-0.978349728510
0.179034764878
-0.837056271732
-0.478184769861
-0.265849811956
0.151418841444
-0.482513238676
-0.862701169215
0.740409179591
-0.662408229895
0.114059553482
-0.103818884119
0.978349728510
-0.179034763947
0.996360235848
-0.085094280541
0.005024167709
-0.378850776702
0.842228731140
0.383565968834
0.389897387475
-0.651833974756
0.650455606170
-0.829558760859
-0.348960814066
0.435957120731
-0.769827574492
0.355964426883
0.529768658802
