0.951465209946
-0.192283270881
-0.240293771960
-0.365981450304
-0.707244854420
-0.604865516536
-0.456636783667
-0.313248044811
-0.832681517117
0.417199501768
-0.555175001733
-0.719531299546
-0.563629823737
-0.807264966890
-0.175056259148
0.729679503478
-0.574745838530
-0.370452482253
0.133445495740
0.988241855986
0.074634658173
0.851952656172
0.210316985846
-0.479524175636
-0.292369852774
-0.146417950280
0.945029973984
-0.636078855954
0.436474365182
-0.636312671937
0.373972925358
-0.551957952790
0.745309779420
0.586140491068
0.158285320736
-0.794597432949
0.594761143439
-0.803201992065
-0.033552058041
0.864131497219
-0.494446056895
0.093807516620
-0.119764060713
-0.955581952818
-0.269294820726
-0.247971295379
-0.955479786731
0.159901884384
-0.199689973146
0.648980034515
0.734131342731
-0.030921265483
-0.454075201415
-0.890426631086
0.329547881149
-0.157448813319
-0.930917860940
-0.602844325826
0.783906192519
0.148559072986
-0.239185787737
0.901333759539
0.361092247069
-0.946274629794
-0.154851209372
-0.283875724301
-0.327980445698
0.768155343831
-0.549878343940
0.227062704042
0.327841969207
-0.917039895430
0.419691317715
0.217015259899
0.881341916509
0.112705909647
-0.856625084765
0.503478739411
0.563629806973
0.807264979929
0.175056248903
-0.879267602228
-0.475956516340
-0.018811626360
0.584742766805
0.562597669661
0.584431139752
-0.468804327771
0.121815016493
-0.874862047844
0.157645434141
-0.175191198476
0.971831240691
-0.879919282161
0.456758065149
0.130820964463
0.428637132049
0.856814154424
-0.286600265652
0.018988103606
0.938562426716
-0.344586741179
-0.732624094002
-0.481836363673
-0.480724092573
-0.665426949970
-0.091275073588
0.740861549042
0.773512739688
-0.364917264320
0.518182815984
-0.530643633567
-0.481876501814
0.697289301082
0.780027986504
0.594997129403
-0.193738884293
0.726540320553
-0.220528238453
-0.650773737580
-0.645828123204
-0.708418315277
0.284691983834
-0.484408031218
0.288331390359
0.825962387957
-0.300463754684
-0.784842308611
0.541981623508
-0.076326731592
-0.547354182228
0.833413239568
0.049506186508
-0.775055401959
-0.629950997420
0.347317302600
-0.865265014581
-0.361506769434
0.558417956345
0.556216140278
-0.615461606532
0.208342672326
-0.974961183034
0.077743299305
-0.050297400914
0.245081760921
0.968196829781
-0.994631448761
0.003265433945
0.103429282084
0.862553018145
0.436056088656
0.256626920775
0.205928293988
0.559170820750
0.803070064634
-0.203324942850
0.458763329312
-0.864982759580
0.971120977774
-0.059388766065
0.231077952310
-0.844952912070
0.194377952255
0.498268788680
-0.608118188567
0.599176445976
0.520749319345
-0.092629482038
-0.006928198040
-0.995676542632
0.790015672334
0.131182454526
0.598887635395
0.202030168846
0.845810937695
0.493748586625
-0.773757251911
-0.023651940748
-0.633040520363
-0.685416501015
0.680408823304
-0.259322292171
0.545125182718
-0.749550940469
0.375515540130
0.556174009107
-0.169529495761
0.813590941951
-0.860953724012
-0.300523132086
0.410419945605
-0.314560373314
0.943461197428
-0.104559739120
0.972315799445
0.217015674338
-0.086638224311
-0.914060095325
0.281575321220
-0.291906628758
0.141415820457
0.717843568884
-0.681690674275
