-0.589095657691
0.793269975111
0.153912480921
-0.706499646418
0.306481042877
0.637908785604
-0.820377610624
0.571170235984
0.027297183871
0.693916142918
0.702140067704
-0.159623650834
0.818017547019
0.139004457742
0.558144292794
0.560282376595
-0.747658320703
-0.356497815810
-0.145819047466
-0.942230110057
0.301561310887
-0.226020608097
0.921015419066
-0.317246404476
-0.061525375582
-0.273030186072
0.960036012344
-0.103767256252
0.434067855589
0.894884044304
-0.171467177570
-0.164457312785
-0.971366459504
0.451055213809
-0.311971353367
-0.836195591837
0.795683778822
0.461739646271
0.392025281675
-0.985928084701
-0.050967585295
0.159210917540
0.721287128516
-0.152889069170
-0.675551485270
0.247164192609
-0.134570794180
0.959583535790
-0.905909449793
0.318662896752
0.278894290328
0.155916064978
-0.517352798954
0.841448905878
0.908210091293
-0.169610061683
-0.382605353370
-0.789907718077
0.509936967865
-0.340602531098
0.686026637442
-0.467864771374
-0.557198354974
0.647809755057
0.741856960580
0.173178432509
0.036220877431
-0.998788379133
-0.033313971013
-0.482714914717
0.695819054730
-0.531810259447
0.968065791763
0.152403454296
0.199052277952
0.264755308628
0.663557066582
-0.699711829424
-0.648828526028
0.377298180014
-0.660808312707
0.885183605365
0.464922049083
0.017247372307
0.845218175091
-0.487213160843
-0.219612319954
0.513467247598
0.689910426736
0.510269524530
-0.702286416665
0.040401408449
-0.710747151636
0.106114811264
-0.435583354905
-0.893871795386
0.578374819830
0.434950959869
-0.690145078115
-0.379267358221
0.818918820471
0.430729886517
0.218470793217
-0.897686511278
-0.382660997100
0.391141940840
-0.919595798478
-0.036763410084
-0.108077747747
0.736532700248
0.667711599730
0.323066676967
0.918345213868
0.228626309894
0.702146813273
-0.503197032027
0.503768396564
-0.153932846151
-0.922013339587
-0.355240874924
0.536779220216
0.079247514717
-0.839992797002
-0.573601221666
0.795787728392
-0.194173963740
0.915817613713
-0.188439375721
0.354638829827
-0.230048060417
-0.536968852393
0.811629435048
0.195977452211
0.822034775279
0.534650973976
-0.813777578995
-0.230838463642
-0.533366341144
-0.876391476020
0.047642737627
0.479237048887
-0.427565471269
0.206429437734
0.880099229515
-0.536712405272
-0.780422957614
-0.320748812519
0.738237246871
-0.188121726736
0.647777725942
-0.424778049812
0.128001895733
-0.896202611737
0.224322334863
-0.922167785466
0.315096911974
0.283001879230
0.319384031929
-0.904380326159
-0.601254624315
-0.525066217408
-0.602327437140
-0.376175380312
-0.739161355421
0.558688259684
-0.343861718662
-0.938075249083
-0.042118224315
0.201273905113
-0.060343467630
-0.977674526162
0.412186170928
0.902839584276
-0.122406067327
0.239174772985
0.578355274163
0.779936281964
0.571436924860
0.387749542482
0.723263528198
-0.302776018158
0.951646659523
0.051916453056
0.013042028062
-0.741177675314
-0.671182208695
0.683129425161
-0.729463194497
-0.034894630313
0.382018229924
-0.700687343255
0.602577229030
0.983423926868
-0.180794655345
-0.013808382675
-0.816324242391
-0.505810314789
-0.278873904608
-0.845438018441
-0.288688492030
0.449325617403
-0.966386619955
0.239670529962
-0.093031908385
-0.325962049887
-0.738121237606
-0.590699398890
-0.050165276974
0.945600265637
0.321439856663
-0.673776471987
-0.067113537341
0.735881130211
0.002226145938
0.516688015312
-0.856170858257
-0.521978650242
-0.237105721608
-0.819340689108
-0.331229415722
0.479990955442
-0.812339679338
-0.086801298894
0.076821685769
0.993259262294
0.549389358610
0.031292816624
0.834980294108
-0.904711776413
-0.416975551285
0.087338367477
-0.968715072609
-0.149735588580
-0.197915034369
0.512743148021
0.728792107664
-0.453824333847
-0.382761214860
-0.178676185198
0.906404254027
-0.887775069103
0.147626012564
-0.435960991308
0.967298957519
0.159807680175
-0.196962509304
-0.479512565769
-0.840551565401
0.252072933130
-0.690662072971
0.592087479308
0.415232845582
0.850519096479
-0.499150114134
0.165729986504
-0.260860403068
-0.498359052464
-0.826795079745
0.252628708258
0.249594659545
0.934816153720
-0.078798471019
0.200480126776
-0.976523690857
0.483867675997
-0.370798470452
0.792704588734
-0.578374819830
-0.434950959869
0.690145078115
-0.704204116948
-0.605191561393
0.371267740615
0.569674135186
-0.770542466082
0.285894537345
0.812283622101
0.161097810604
-0.560573644936
0.158628300764
0.898621112108
-0.409044200554
-0.432702047750
0.554487966932
0.710853029974
0.802840085700
0.463721451350
-0.374713505618
0.055051310919
0.997261660174
-0.049381511286
-0.117690387182
0.763425312936
-0.635083272122
-0.691014209762
-0.722837893292
0.002177420072
0.364568169229
-0.648035512306
-0.668685294688
0.005076082423
-0.787539211102
0.616243639961
