0.064373477362
-0.373518227600
0.925386507064
0.929151082411
0.283103886992
0.237761337310
-0.851873341948
0.396139234304
0.342615695670
0.717029712163
0.434199323878
-0.545288306661
-0.633421617560
-0.265448887832
-0.726852076128
-0.002733238973
-0.896815933287
0.442395423539
-0.368882448412
0.929432299919
-0.009018772282
0.462579173036
0.314559387974
0.828898605891
-0.974440488033
-0.200423176400
-0.101470611058
0.711051878519
-0.471041340381
0.522039538249
-0.146853980608
0.764606958255
0.627542912029
0.409831934609
-0.892494292930
-0.188392465934
-0.711051878519
0.471041342244
-0.522039537318
-0.483208709396
-0.861064864323
-0.158356060274
-0.365691187792
0.171099696308
0.914874224924
-0.047945900820
-0.635560403578
-0.770560939796
0.937930590473
-0.290465185419
-0.189515653998
0.453831690364
0.880525877699
0.136788064614
0.560491072945
-0.300146262161
-0.771856188774
-0.687652694993
-0.453660338186
0.566856302321
-0.020537763834
0.181795665994
-0.983121830970
0.048022643663
0.814135224558
-0.578686149791
