-0.009072048590
-0.875455736183
-0.483213151805
0.349629639648
-0.936149041168
-0.037203321233
0.280219613574
0.959848809987
-0.012931684963
-0.318314661272
-0.113470207900
0.941169637255
-0.210774364881
0.689236728474
0.693200474605
0.208329609595
-0.698016592301
-0.685107005760
0.452031679451
0.481284412555
-0.751021087170
0.009220509790
-0.996581438929
0.082100036554
-0.852817697451
-0.482845745049
0.198901883326
-0.115914240479
0.426591738127
0.896985717118
-0.097020482644
-0.918019026518
0.384484188631
0.224329877645
0.902170235291
-0.368462985381
-0.660214570351
0.487455731258
-0.571404960006
-0.759553458542
0.650408231653
0.006904691458
-0.669361633249
-0.620703224093
0.408267693594
0.324865314178
-0.342319742776
0.881634686142
0.129672474228
-0.798521129414
0.587834206410
0.472623382695
-0.739422299899
0.479459903203
0.746719852090
-0.070543447509
-0.661387241445
0.330475504510
-0.858288101852
-0.392590721138
0.603395613842
-0.771540151909
-0.201592473313
0.994623709470
-0.071068723686
0.075318732299
0.740349829197
-0.560312225483
0.371392431669
0.201136395335
-0.159768714570
-0.966446122155
0.593453829177
0.801915059797
0.068882425316
-0.792322698981
-0.598125279881
-0.120295004919
-0.918054847978
0.193073507398
0.346262784675
0.072612476535
0.846989315934
0.526627501473
-0.324506281875
0.904268244281
-0.277479032986
0.720793131739
0.457784685306
-0.520471364260
0.026308587752
0.976593224332
0.213479580358
-0.391883608885
0.723430019803
-0.568397960626
-0.941612716764
-0.162484366447
0.294897136278
-0.415788654238
-0.806785006076
0.419782976620
0.516338045709
0.189938923344
0.835055822507
-0.780671407469
0.530439414084
0.330433322117
0.591698921286
-0.454911652952
0.665543216281
0.783116162755
-0.521659550257
-0.338526790030
0.100557355210
-0.971776592545
-0.213397450745
-0.633452394046
-0.389045284130
-0.668866078369
-0.525823499076
-0.834718353115
-0.163569303229
0.394041877240
0.477659089491
0.785221491940
0.495862017386
0.708278791048
-0.502455980517
0.510682734661
-0.122206854634
-0.851039733738
0.807745710947
-0.589227360673
0.018920426257
-0.314813661389
-0.415171631612
-0.853536684997
-0.278465379961
-0.430465565063
0.858578143641
0.653871417977
0.664245161228
0.362257551402
-0.779298777692
-0.101345593110
-0.618403173052
-0.209287229925
-0.959084109403
-0.190673872828
0.327401258983
-0.607381081209
0.723807044327
-0.642339634709
-0.642449174076
-0.417922062799
-0.433470990509
-0.619261097163
-0.654689691961
-0.332459866069
-0.935512094758
0.119530569762
0.830145613290
0.551595548168
0.081244141795
-0.954091973603
-0.294913968071
-0.052290112711
-0.632478659041
-0.762413871475
0.136732709594
-0.340199798346
-0.823691917583
-0.453647132032
0.900149227120
0.374223011546
-0.222909186035
-0.416652644053
0.455236474052
-0.786867412739
-0.925235404633
0.374232147820
0.062367813662
0.357044018805
0.881620516069
0.308650018647
-0.117467460223
0.650651808828
-0.750235708430
0.195653150789
0.304580690339
0.932175115682
0.380396570079
-0.438720549457
-0.814139255323
0.037394097075
-0.552145593800
0.832908712327
0.396870319732
0.709862193093
0.581884537823
-0.947574908845
-0.073867077939
-0.310878507793
-0.618420320563
0.716737845913
-0.322247055359
0.648231008090
0.442119808868
0.619940830395
0.578611883335
-0.799477267079
0.161382735707
-0.316424834542
0.196530445479
0.928036156110
0.258723719046
-0.920215269551
0.293710562401
0.978009634651
0.039058543742
-0.204869673587
0.932796293870
0.020792553201
0.359803755768
-0.155781131238
-0.158823923208
-0.974939587526
-0.806056867354
-0.017347242683
0.591583805159
0.884539748542
-0.201544232666
-0.420677256770
-0.025620079599
0.988466181792
-0.149258896708
0.200573750772
0.720321693458
-0.664008153602
0.285888843238
-0.026960389689
0.957883451134
0.852033414878
0.362557924353
0.377611983567
-0.132113408297
-0.683815566823
-0.717594813555
0.587783650495
-0.136437009089
0.797430449165
0.724265988916
0.649497139268
-0.231499982998
-0.447319898754
0.438664141111
0.779409185052
-0.553791685961
0.792902879417
0.254204230383
0.348938565701
0.172669399530
-0.921101055108
-0.625606564805
0.182966740802
-0.758379586041
0.942315006629
-0.312894073315
-0.118910579942
-0.278218308464
0.957057717256
0.081456108950
-0.724089962430
0.338089826517
0.601156380028
-0.530852373689
0.845789594576
-0.053251462989
-0.200573750772
-0.720321693458
0.664008153602
0.023124662228
0.129553277045
-0.991302778013
-0.998750395142
0.030570404604
0.039536020719
-0.033895448782
0.085740719922
0.995740742423
-0.833462987095
0.480052682571
-0.273658309132
-0.582094065845
0.101298178546
0.806786946021
0.916693736799
-0.325260965154
0.232116125524
0.115033807233
0.622477492318
0.774137580767
0.806037386879
-0.236795341596
0.542431282811
-0.840132579207
0.208392965607
-0.500749059021
0.633600434288
0.205783402547
-0.745790640824
-0.528562456369
0.650237295777
0.545722628944
-0.076545815915
0.867200179026
-0.492041244172
-0.955194596201
0.212670731358
-0.205850533210
-0.582042204216
-0.240920311771
0.776649389416
-0.506554526277
-0.554977599531
0.659850266762
0.486483291723
0.845680077560
-0.219452070072
-0.259702221490
0.872170874849
0.414575348608
0.037696659565
-0.450835462660
-0.891810712405
0.152552172542
0.451328494586
-0.879221486859
0.861603000201
0.156605541706
-0.482819813304
0.770278557204
0.112442264333
0.627716241404
-0.505816830322
-0.132535849698
-0.852398721501
0.003550343215
-0.245702611282
0.969338754192
-0.144522917457
0.382404226810
-0.912622666918
-0.843013194390
-0.373654595576
-0.386925051920
0.966134169139
0.244117284194
0.083615299314
0.670636080205
-0.373278918676
-0.641022695228
0.528562456369
-0.650237295777
-0.545722628944
-0.332335053012
0.135842338204
-0.933327525854
-0.775967659429
-0.349979787134
0.524774558842
