-0.879252559505
0.422764241695
0.219511574134
0.028836670332
0.959034626372
0.281817372888
0.899242166430
0.268680900335
0.345216017216
-0.841693822294
-0.466781867668
0.271415172145
-0.595712139271
-0.622100993991
-0.508052554913
0.554105497897
0.817570847459
-0.156668456271
0.832353278995
0.143690458499
-0.535295311362
0.190105725080
-0.761931726709
-0.619128303602
-0.352023364045
-0.333095846698
0.874715214595
0.267522713169
-0.827698549256
0.493301843293
0.237297847867
0.762547709048
0.601839447394
-0.233858175576
-0.751475059427
-0.616924296133
-0.519080735743
-0.626180114225
0.581767696887
-0.984300622717
0.165766577236
-0.060611261986
-0.444051674567
-0.863146022893
-0.240410174243
0.586568341590
-0.793454227038
0.162382172421
0.185258676298
-0.152210887522
-0.970830092207
-0.091055599041
-0.651421181858
0.753232580610
-0.787133982405
-0.598938135430
-0.147286121733
-0.952767390758
-0.035846856423
0.301578017883
-0.513620461337
0.776974385604
-0.364012120292
0.559164488688
-0.642090294510
-0.524456982501
0.987344582565
-0.060475357808
0.146606290713
-0.007653405890
-0.954774295911
-0.297233019955
0.404277155176
0.455761604011
0.792995170690
-0.647113422863
0.426060761325
-0.632231321186
-0.209536924027
-0.072263555601
-0.975126788951
-0.569215614349
-0.800245235674
0.188682657667
0.959108498879
0.255187327042
-0.122434942052
0.179212791845
-0.976655118167
0.118437973782
-0.411368455738
0.415167274885
0.811425982974
-0.175431585871
-0.887487033382
0.426134395413
0.283112934791
0.105904989876
0.953221484087
0.311186888255
-0.553610306233
0.772449576296
-0.308196108788
0.657061659731
-0.687957216986
0.529734243639
-0.219595257193
0.819243280217
0.448322636075
0.863086598925
0.232568992302
0.643334354274
-0.556780005805
0.525468298234
0.955452280119
-0.186897662468
-0.228429866023
-0.967441386543
-0.227808207273
-0.110275036655
0.546245750040
0.005712545477
-0.837605483830
-0.650042935275
0.758239602670
0.050168567337
-0.452826985158
-0.386830262840
-0.803311936557
0.677097325213
0.177577906288
0.714146551676
0.513324850239
0.427082690410
-0.744377573952
-0.193585230038
0.749482176267
0.633088639006
0.406877684407
-0.422710439190
-0.809794068336
-0.281980928034
0.327585283667
-0.901761962101
-0.611743872054
0.620992377400
0.490038672462
0.796244899742
0.599655344151
0.080047030933
0.761411936954
-0.290793069638
-0.579388688318
-0.529643745162
0.028566957451
0.847739011049
0.747274831869
0.542225620709
-0.384150622413
-0.802993732505
-0.293817130849
-0.518529225141
0.876751987264
-0.450792337768
0.167607337236
-0.608889100142
0.021373926662
-0.792967350222
0.012417652644
0.467962213792
0.883661228232
0.183153298683
0.974912888370
-0.126490029506
-0.772392630577
0.225400286727
0.593804962002
0.646532927640
0.582369286567
0.492789190263
-0.886755131185
0.104781121947
-0.450206899084
0.156555054709
0.234543418512
-0.959416436031
0.083204143681
-0.279603870586
0.956503394991
-0.252169047482
0.964451133274
-0.079023929313
0.841043058783
-0.163116105832
0.515790373087
-0.033868485130
-0.481477092020
-0.875804049894
0.777322137728
-0.594169130549
-0.206720432267
0.364889376797
0.778134104796
-0.511236790568
-0.365620109253
0.881394710392
0.299107503146
-0.065731876530
0.883973345160
-0.462893555872
0.416218768805
-0.879456130788
-0.230908745900
-0.831251095980
0.501822087914
-0.239157282747
-0.152754383162
0.076592664234
0.985291662626
-0.217836980708
-0.974679931998
0.050458685495
0.089708401822
0.604821031913
-0.791292563081
-0.738605467603
-0.242350227199
0.629069414921
