0.033404251561
0.620890520513
-0.783185238019
0.607988431118
-0.232574780472
-0.759117275476
-0.724015628919
-0.387775202282
-0.570466266014
-0.977995828725
-0.180039337836
0.105403956957
-0.965050270781
0.224210062996
0.135675426573
0.835485696793
-0.262392563745
0.482818590477
-0.812556411140
0.549656083807
0.193985222839
0.205148142762
-0.384628512897
0.899986191653
0.269003942609
0.377919311635
-0.885897212662
-0.211545018479
-0.392181733623
0.895233037882
-0.977514560334
0.070472150110
-0.198743449524
-0.638758766465
0.597554173321
-0.484681594186
-0.203855754808
-0.574853717349
-0.792455698363
0.259180099703
0.965827899054
0.001464081928
0.877642584033
-0.455133697949
-0.150322357193
-0.585544333793
0.604604782537
0.539991564117
0.297267640010
-0.279746521264
-0.912893111818
0.372832038440
-0.922376974486
-0.101079112850
-0.335644243285
0.941545898095
0.028883615509
-0.290825312957
0.850611798465
0.438041327521
0.476324650459
0.076354444027
-0.875947957858
0.956281331368
-0.079291514121
-0.281493996270
-0.362461633980
0.859134209342
-0.361261638813
-0.146827326156
0.355770072900
-0.922967707738
0.358049475588
0.874335429631
0.327624981292
0.566688106395
-0.357571885921
0.742298413068
0.144155698828
-0.604877288453
-0.783161923289
0.158644725569
0.210898073390
0.964548522606
0.667120911181
-0.742766884156
0.056982837617
0.350068628788
-0.671986452304
0.652599541470
-0.474840939045
-0.656203880906
-0.586449100636
-0.450448401272
-0.326673105359
-0.830891640857
-0.824766289443
-0.348850533366
0.445043672808
-0.651105057448
0.748471988365
-0.125904271379
0.648594456725
-0.615118021145
0.448280099779
0.386739601381
-0.061685496010
0.920123566873
0.622096054256
0.386336282827
-0.680985149927
0.628919062205
-0.703612563200
-0.330741852522
-0.251561348327
-0.967841155827
-0.000619910657
-0.257360720076
0.612024002708
0.747791467234
0.390842207707
-0.868272739463
0.305523841642
0.115525819361
0.536767586134
0.835783668794
-0.834617843851
-0.541711445898
0.099808627740
-0.806287801825
0.309530558065
0.504074213095
0.791404412128
-0.364386823028
-0.490816970356
0.830114865676
0.554051976651
-0.062735279091
0.670281219296
0.675309848040
0.307700657286
0.012110342272
-0.640577848069
0.767797732726
-0.571015514433
0.788174601272
0.229612886906
0.980865895748
-0.164170287549
0.104643248953
-0.519698017277
0.339340992272
-0.784067382105
0.492994267493
-0.558689533733
-0.666950264014
-0.875232357532
0.446661743335
-0.185638375580
0.091672176495
0.051333508454
-0.994465224445
-0.102307708003
-0.822039788589
-0.560164009221
0.360894095153
0.675633923151
-0.642864100635
-0.021783769131
-0.086462460458
0.996016922407
-0.869696234353
-0.085858814418
-0.486062468030
-0.709120261483
-0.651321606711
-0.270052989013
0.722274382599
0.385710534640
0.574061928317
0.873143448494
0.316123486497
-0.371061259881
-0.036010090262
0.982467310503
-0.182924180292
0.039655182511
-0.865144020878
0.499953285791
-0.915204086341
-0.334413887002
-0.224875144660
0.014469884336
-0.969999114051
-0.242677441798
0.855031982064
-0.478119259700
0.200804088265
-0.191624995321
0.278421658091
0.941148893908
-0.011041771621
0.973571866751
0.228113784455
-0.315181558952
-0.691824118607
0.649646036327
-0.405758078210
-0.056712564081
0.912219308317
-0.074096326716
-0.289386253804
-0.954340258613
-0.650975076482
-0.021552894264
-0.758793069050
0.917892777361
0.086880389601
0.387201040983
0.430327957496
0.649535248056
0.626834753901
-0.914570943452
-0.007967414334
0.404347013682
-0.810233250260
0.264617699198
-0.522971846163
-0.002189904451
0.849896189757
-0.526945604011
0.463870562613
0.319039675407
0.826461000368
0.701471192762
0.020039179362
0.712416026741
0.651913958602
0.651841975749
-0.387440612540
-0.534789163619
0.307118655182
0.787196722813
-0.300799899735
-0.892962608486
0.334868928418
0.879570872523
0.403286846355
0.252417904325
-0.313858320005
0.022278478369
-0.949208418839
-0.576233795844
-0.815427991562
0.055061801337
0.981512514874
0.190914980136
-0.013588684611
-0.618549747393
-0.665660295635
0.417483626865
0.285317393020
-0.828766935505
-0.481393134221
0.789056574926
0.034892983735
-0.613328785636
0.573407826014
0.818706184626
-0.030391567387
-0.385605819523
-0.872101403773
-0.301242911257
-0.315713169985
0.651517288759
-0.689819118008
-0.560823309235
-0.395732320845
0.727236649953
0.067823929712
-0.986656102352
0.148019086570
-0.715227779001
-0.037194353528
0.697900997475
0.331334232353
0.881560002454
-0.336258214898
0.063534090295
0.811048159376
0.581518960185
