-0.434736869298
0.898536768742
0.060295338742
-0.285817108117
0.455252371728
-0.843240094371
0.966376933269
0.154257815331
-0.205718615092
0.282934569754
0.697632260621
-0.658222801052
0.383190427907
-0.310761123896
-0.869823325425
-0.873988159001
0.454597523436
0.171714265831
-0.437707525678
-0.855963714421
-0.275205813348
-0.117855316959
0.398514808156
0.909558173269
-0.631762699224
-0.476794492453
0.611181562766
0.445257551037
0.474178066477
0.759539908729
0.218946565874
-0.904668046162
0.365565489046
0.532250151038
0.796110221185
0.287955363281
-0.230972798541
-0.177677047439
-0.956599410623
0.195892821066
0.211404964328
-0.957566677593
0.268866352737
-0.102046079002
0.957756482996
-0.683533518575
0.158428725787
0.712518257089
-0.947089542635
-0.102847137488
0.304045823403
-0.730866913684
0.561411745846
-0.388137093745
-0.684530384839
0.093105964363
-0.723014128394
-0.290435445495
-0.151551470160
0.944817126729
0.835294656456
-0.344293895178
-0.428654347546
0.659703412093
-0.751098546200
0.025345236994
0.171431669965
0.979985250160
-0.101193337701
-0.238233963959
0.853257371113
-0.463892697357
-0.823488451540
-0.567178046331
0.013260179199
0.567761240527
-0.543959394097
0.617863536812
0.742607822642
-0.012745516375
0.669605235569
-0.968319027685
-0.010283479467
-0.249504527077
0.088062454946
-0.982368750498
-0.164914038964
-0.038407302462
-0.625407871790
0.779352212325
0.690464076586
0.212600672618
-0.691419056617
-0.354098077863
-0.887319056317
0.295430942439
0.945151660591
-0.264910724014
0.191077591851
-0.669424136169
-0.452196796425
-0.589397474192
0.702926194295
0.666481295601
-0.248389706016
-0.500793114305
0.657304264605
0.563167256303
0.442715683952
-0.737664717250
-0.509758361615
0.017367362045
0.865003995597
0.501464317553
-0.096429421566
-0.695015833713
-0.712498670444
0.881288171746
0.368687652983
0.295635876246
