-0.966035169549
0.073982132599
-0.247593808919
0.273380406201
0.743020968512
-0.610887053423
0.943017395213
-0.137494052760
-0.303007553332
0.128877255134
-0.991528629325
-0.016174959019
0.568223735318
0.155952095985
-0.807960846461
0.501334809698
-0.289565918036
0.815361874178
0.684789173305
-0.677210372873
0.269165185280
-0.235334005207
-0.846482774243
-0.477582262829
-0.981688593514
0.177610929124
0.068861176260
0.916069315746
0.310434596613
0.253864862956
0.094551913440
0.919904277660
-0.380573322996
-0.344622302800
-0.645042092539
0.682023581117
-0.847753738053
0.499352856539
0.178774502128
0.949874838814
-0.040459912270
0.310001266189
-0.695558276959
0.613297373988
-0.374252604321
-0.002454351634
-0.635695531964
0.771935985424
0.172175574116
-0.793896585703
0.583167027682
-0.438413638622
-0.810542380437
0.388348463923
0.821812596172
0.154028261080
0.548542933539
-0.585836388171
-0.020447565243
0.810171353631
-0.477975856513
0.843656988814
-0.244503505528
0.350968576968
-0.580199113116
0.734976220876
-0.324925181456
0.852492974140
0.409486696124
0.862611815333
-0.371982576326
0.342826220207
-0.194092047401
-0.626744445413
-0.754665274173
-0.414075862616
-0.381768589839
-0.826313452795
0.499228389934
0.864453384653
0.059087731875
0.643869386986
-0.506076398306
0.573863128200
-0.836165179498
-0.043605413288
-0.546741583385
-0.461688853800
-0.885226193815
0.056727300398
-0.199689650908
-0.968014792539
-0.151892735623
-0.274418313988
-0.077629434876
-0.958471835591
0.406248670071
-0.885825073346
-0.224223007448
-0.690098592080
-0.718624236062
-0.085692122579
0.157334142365
-0.937876337208
0.309247380123
0.436617409810
0.476543077268
-0.763067448512
-0.584139615297
-0.097877196036
-0.805730081163
-0.649814180098
-0.552085353993
0.522439748980
0.903398889117
0.424717882648
-0.059035290964
-0.898266221397
0.253912330605
0.358673002571
-0.773257870227
-0.227358703502
0.591929289512
-0.703820215538
0.709592043422
-0.033410097472
0.034009477124
-0.792406455614
-0.609044631943
0.995501106605
0.093044735491
-0.017894781195
-0.909273306839
-0.271911597811
-0.315097023733
0.629382129759
-0.658690681681
-0.412316286005
-0.875288808718
-0.383581840433
0.294507169165
0.036053546704
0.233599721454
0.971664196812
0.495184968226
-0.513325157575
-0.700920200907
-0.495534982532
-0.635147564113
-0.592480084859
-0.986136787571
-0.165089954622
0.016719504260
0.413010753691
0.863236920908
-0.290248401463
0.222551892512
0.774027715437
0.592749314383
0.775507031940
-0.182028445415
0.604528318159
0.803209690377
-0.003078266047
-0.595688438974
-0.222407937050
0.461352489889
0.858887994662
0.691227030940
0.704899311066
-0.159129356034
-0.831911747344
0.308299803175
-0.461382784881
0.364653991535
-0.034562147222
-0.930501436815
-0.892388596199
0.424482019618
-0.153158764355
0.441085974686
-0.889189295471
0.121595880948
-0.426938088611
0.900180726312
0.086014687084
-0.423117778264
0.218539747410
-0.879324583337
0.971272430383
-0.236654669046
0.024988641031
-0.938453927636
-0.057926374488
0.340512495488
-0.073068552651
-0.362293124199
-0.929195715114
0.356875989586
0.291097321548
0.887638370506
0.058327523991
-0.053311330266
-0.996873011813
-0.720427723601
0.463037173264
0.516314311884
-0.618699281476
0.719246096909
0.316063678823
0.620263166726
0.322764033452
0.714910470881
0.593109049834
0.028870015405
0.804604359902
-0.518230518326
-0.367920653895
0.772056682035
-0.740318330005
-0.568893254735
-0.358174865134
0.161619817838
-0.588858147152
-0.791912315413
-0.124097396620
0.722250455059
0.680407315493
-0.067447940819
0.751420653425
-0.656367104501
0.767147058621
-0.350625564344
-0.537165805697
-0.261427747086
0.516514776275
-0.815394394100
-0.490088250488
-0.820738504641
-0.293601451442
0.445844066329
-0.773095116951
0.451161841862
-0.098608235829
0.247670334764
-0.963813166134
0.851191180758
-0.520755928941
0.065473929979
-0.038609001786
-0.098394885659
0.994398205541
-0.878630146384
-0.476096990518
-0.036615860648
-0.339828163385
-0.156437565573
0.927385630086
0.093530682847
0.530176138505
-0.842713043094
0.277760714293
-0.322572003119
-0.904873630963
0.727407824248
0.495710412972
0.474498727359
0.247503260151
0.929504452273
0.273429346271
0.854263173416
-0.462454312481
-0.237424595281
0.086296958849
-0.936521220021
-0.339824715629
0.576004596427
0.648095034994
-0.498188246973
-0.540722771548
0.324400804006
0.776133365929
-0.706705901772
-0.672790674493
0.218905175105
0.289138352498
-0.035620519891
0.956624372862
-0.165427615866
-0.966953122988
0.193998352624
-0.705744897015
-0.354692772031
-0.613283927552
0.339235600084
-0.771374771371
-0.538423781283
-0.782401720993
0.123896290548
0.610325532034
0.722202515230
0.339251674712
-0.602770127356
-0.296345222741
0.149895799346
0.943244801834
-0.128580852412
-0.849316264503
0.511985201389
-0.215018364601
0.882767633535
-0.417718093842
0.167106890120
-0.361199202016
0.917393275537
0.591826586053
-0.198297228664
-0.781293478794
0.124136786908
0.539745430462
0.832625322044
0.802039003000
0.486420351081
-0.346595841460
0.517272052355
0.758363557979
0.396628712304
0.182337088510
0.981678850017
-0.055315638892
-0.685128538869
0.176283448935
-0.706769431941
-0.162248825654
0.977347997949
-0.135890427046
-0.015992511995
0.894535120577
0.446711491793
0.672353770584
-0.735543084331
-0.083167155273
0.446399602108
0.573090587743
0.687236910686
-0.415449299850
0.710045645945
-0.568539408967
0.754897872917
0.633315091953
0.170414769091
-0.092356096953
0.981477659196
0.167845033109
-0.451646768488
0.628487169743
0.633260667324
-0.580901319161
0.461710323580
-0.670356049202
0.920664362609
0.194791990332
-0.338279780932
0.244259460829
0.250830648467
-0.936707692221
-0.182321254164
-0.411699974909
0.892895340919
