-0.939628547989
0.332846770063
-0.079443179071
0.319710197859
-0.181982206181
0.929875187576
-0.592973938212
0.601652986370
0.535159407184
0.352944308892
-0.934802992269
0.039669615217
-0.068399794400
0.949902839959
0.304968951270
-0.675852715038
0.172058220953
-0.716672223061
0.756759814918
-0.490208733827
0.432446503080
0.125569593161
0.528195355088
0.839786843397
0.205117494799
-0.733812148683
-0.647646927275
-0.330432481132
-0.940588554367
-0.078150792047
0.002050333656
0.527503163554
-0.849550591782
0.171428401023
0.937326665036
-0.303366157226
0.992741438560
0.097778368741
-0.070027317852
0.026093245484
-0.759677955881
0.649775764905
0.628647387959
0.741202049889
0.235418737866
0.608832928352
-0.048286723904
-0.791827541776
-0.514638757333
0.807821029797
-0.287353671156
-0.620290644467
-0.622255942784
0.477532257326
-0.489098772407
-0.556395825930
-0.671718745492
-0.062537395395
-0.145278746262
-0.987412354909
-0.885806505568
-0.028256748803
0.463193684816
-0.903786065057
-0.391078930348
-0.173862065189
0.668775512837
0.560557339340
-0.488379750401
0.796107411385
-0.527403550223
-0.296746496111
-0.361041961238
-0.070674369112
0.929867643863
0.765728248283
0.204375606030
0.609828549437
