0.822150959633
0.486296061426
-0.295945837162
0.079060946591
-0.968501290306
-0.236124155112
0.587219644338
0.793754116632
-0.158516529948
-0.701856177300
0.149596038274
0.696433004923
0.592480177991
-0.483564459719
-0.644307884388
0.737850128673
-0.633784140460
-0.232152642682
-0.918122861534
-0.119234029204
0.377933402546
-0.989126360044
0.146649824455
-0.011084713973
0.538918008097
0.611602915451
-0.579231605865
-0.241763375700
-0.470299339853
0.848745544441
-0.014704562724
-0.229892793112
-0.973104865290
0.180301534943
-0.569330044091
-0.802093919367
0.572119892575
0.767171348445
0.290046459064
-0.013761508279
-0.987159005366
0.159146842547
0.558948239312
-0.572496362962
0.599853964522
-0.105183899403
-0.821989589371
0.559704798274
0.948640080169
-0.313108325936
0.045223601162
-0.284842413850
-0.484886729158
-0.826891563833
0.780992956832
0.431380272843
0.451620481908
-0.278185581788
0.425993141718
-0.860896407627
0.372550395317
-0.802546321414
-0.465967385098
-0.378279924393
0.416022378951
0.826939947903
-0.486510541290
-0.654595775530
0.578629296273
0.204066519625
0.839395065792
0.503758649342
-0.355541495606
-0.017300045118
-0.934500375763
0.866259159520
0.493029386736
0.080728503875
-0.887152438052
0.293405533768
0.356193405576
-0.519710338674
-0.680823078379
-0.516121204942
-0.781528423540
-0.539636427537
0.313058855943
0.888930005021
-0.236165304668
-0.392465786077
-0.097097425722
-0.811268663034
-0.576554632746
-0.844358678907
0.412602094002
-0.341786382720
0.983881624416
0.108118318021
-0.142433765344
0.361935005523
-0.170088649727
-0.916554909199
0.346817935817
0.182785741985
0.919949286617
-0.374726218171
-0.050221256912
0.925774317235
0.496756814420
-0.235122260638
0.835434132256
0.066147963516
0.561563627794
0.824785267003
-0.202740539797
0.794922118075
-0.571834851988
0.141950654797
0.599867687561
-0.787406355143
0.718877107836
-0.659209435806
0.220586995594
-0.648562840186
-0.262126381509
-0.714601987973
-0.250289410353
0.770506613888
0.586237807758
-0.332700752653
-0.923797745258
-0.189493890852
-0.562921426259
0.787381241098
-0.251297128387
0.807855112478
0.212416999973
-0.549771892838
0.680748939514
-0.091124347411
-0.726826825179
-0.165312579833
0.972203581594
-0.165806950070
0.321615611203
-0.850830066949
0.415513651446
-0.057792848907
0.199930709787
0.978104134090
-0.484363774769
0.856182199903
0.179843744263
0.187457394786
-0.585327376612
0.788829250261
-0.637950402685
0.582357692532
0.503863870166
0.715620616451
0.111979071982
0.689454725944
-0.671147915535
0.189267962240
-0.716755267233
0.063395517878
0.187386950478
-0.980238306336
-0.558692343533
0.572563651949
-0.600028106011
-0.817847329192
-0.430171081796
-0.382202282548
-0.953964455053
-0.299143985845
-0.021556745283
-0.656895283610
-0.294900435954
0.693918092176
-0.912419100292
-0.025174440816
-0.408482106403
0.252193087712
0.966816050000
0.040808953345
0.075678430498
-0.194837713614
0.977911570109
-0.442441105843
-0.866435281932
0.231377976015
0.213933207095
0.884045555256
-0.415567127988
-0.707240615040
-0.701448590495
-0.088207628578
0.430482878350
-0.902479841374
-0.014650133438
-0.811388937756
0.580986397341
0.064053073525
-0.098517218605
0.963385469280
0.249364780262
0.825994056650
-0.281952659599
0.488094779663
0.954382420518
0.080227055587
0.287607046776
0.481138524599
0.536500735208
0.693305618130
0.463966083713
0.272578001954
-0.842874074355
