0.857511919923
-0.182661750354
0.480944894254
-0.148927082308
0.063392034732
0.986814153381
-0.830799223855
0.001497552730
-0.556570217013
0.628686463460
-0.448886314407
-0.635023153387
-0.995746438392
0.091567606665
-0.010217810050
-0.538606965914
0.832767977379
-0.128062602133
0.105757050216
-0.757546084002
0.644157880917
0.173721158877
0.830524662510
0.529197262600
-0.746610597707
0.374958455563
-0.549525951035
0.361226949841
-0.312630064785
-0.878508697264
-0.787269799039
0.575530159287
-0.221294594929
0.022578562610
-0.203333426267
-0.978849183768
-0.971317552030
-0.205697719008
0.119292329997
-0.704681253992
-0.450235620141
0.548372332938
-0.941314423457
0.126073227264
0.313101734035
0.129225773737
-0.799867318943
-0.586099795997
0.565399715677
0.241374602541
-0.788708730601
0.564661459066
-0.790297749452
0.237880016677
-0.412538873032
-0.791640634649
-0.450684792362
0.052173675969
-0.529309045523
-0.846823382191
-0.711416094564
0.688939830288
0.138740944676
0.694207033142
0.022239842452
0.719431708567
0.940859499387
-0.313315181062
-0.128906934522
0.461150324903
0.588790976442
-0.663826455362
0.889037076384
0.365742755122
-0.275400278158
-0.664442725480
-0.745245671831
0.055899475701
-0.319422661327
-0.071184146218
-0.944934907369
-0.798747633584
0.439656981267
0.410735869780
-0.339661310427
0.631724431179
0.696817361750
0.832185424864
0.105235449970
-0.544419798069
0.516031049192
0.699361520819
0.494575996883
0.278723618947
-0.487153549679
0.827643982135
-0.288274392486
-0.404923090711
-0.867718365975
0.417187800631
-0.152861780487
0.895872543566
0.477188513614
-0.751858181320
-0.454972961918
0.987995477393
-0.045002332889
0.147782698274
-0.200355282985
-0.704267355613
-0.681076538749
0.913126460277
-0.355544159189
0.199470342137
0.092131549492
0.358485162258
0.928978021257
-0.801489580423
-0.365015017800
-0.473686063662
-0.958119800314
-0.138787423261
-0.250488518737
0.180454812944
0.050116092898
0.982305673882
0.135413920507
0.708007099107
-0.693101014011
-0.194146147929
0.846464877017
0.495786731131
-0.101501036435
-0.547668781132
0.830515770242
0.799170263112
0.600203583948
-0.032902072184
-0.354729859158
-0.910020471551
0.214544789866
-0.014292960055
0.974150306545
0.225448201410
0.758048607036
-0.569693086669
-0.317509203218
-0.410826653242
-0.901348633692
-0.137084285729
0.328080414794
0.028422302566
-0.944222120568
0.618900376372
-0.352764594369
0.701797309332
-0.584492685273
0.409014084376
0.700767991133
-0.311875185929
0.251057008281
-0.916353777051
-0.074448359199
-0.996897554025
-0.025548152626
0.659612594172
0.662780734710
-0.354447346181
0.179885623045
0.978574365377
-0.100166722201
0.249872869812
0.394533614628
-0.884254926816
0.853859518655
-0.233823202550
-0.465027559549
-0.869154489599
-0.182578500360
0.459603701718
-0.830891112797
-0.498994463123
0.246220394969
-0.599895250052
0.137892406434
-0.788106193766
-0.246515651233
-0.787634558044
0.564678523690
0.799943646416
0.501275970601
0.329867492430
-0.003593374975
0.150434403680
-0.988613462076
0.720647271723
0.413646741770
-0.556384651922
0.976689185016
0.029677826911
-0.212596944533
-0.912288488820
0.404601554386
0.063460968435
0.740173899569
-0.532822240144
0.410174422897
-0.183368592523
0.979241176508
-0.086386778392
0.548788162880
-0.826909688301
-0.122686263174
0.788696094416
-0.613699292764
0.036491747014
0.291525856592
-0.869824430905
0.398017754778
0.626579237171
0.754444095306
0.195480342954
-0.317529161461
0.874343364500
-0.367013502866
-0.119289798662
-0.920363401994
-0.372426034883
0.221664275974
-0.938718106598
-0.263956936076
-0.562282590196
0.678260298446
-0.473076372407
-0.439915117808
-0.528944582678
0.725735707209
-0.223386976868
0.730990104377
-0.644788123667
-0.566416326910
-0.714292172343
0.411046512425
-0.675258080475
-0.671690587886
-0.304726562463
0.269634352066
-0.959618256427
0.080188013613
-0.314611125737
-0.246174339205
0.916743165813
0.467582100071
-0.661802968010
0.585989599116
0.660148982890
0.389577602036
0.642209163867
0.514672156423
0.851652729325
-0.098995951004
-0.539302650839
-0.546570895240
-0.640634766780
-0.607424136251
-0.221118082292
-0.762982772663
0.954464988783
0.289150596596
0.073406518437
-0.260958373547
0.378972717561
0.887851567008
0.349698579870
-0.599654504098
-0.719809264876
0.336808743887
0.914211678319
0.225337251090
-0.876051115803
-0.468849818222
-0.112757658586
0.885356963612
0.172818138264
0.431598119438
-0.015619148500
0.646103420295
0.763090041466
-0.926533563063
0.241377348080
-0.288569803350
-0.769044750370
0.123174764216
0.627214594744
0.337570764124
0.562428470701
0.754798113368
0.008354299702
0.911308597773
-0.411639215425
-0.021004257724
-0.943724680692
0.330064459704
0.638638674282
-0.110984455794
-0.761461156420
-0.392123034224
0.898619002663
0.196782651357
-0.459802866913
0.484098576009
-0.744466178119
0.439862166531
0.228851719759
0.868417044170
0.049040271901
-0.254583823495
0.965806464665
0.348945901729
0.839555840939
-0.416392537765
-0.549798235297
0.700939774513
0.454318534583
-0.485767534003
0.094890067354
0.868922192603
-0.093836952932
0.492944695055
-0.864985637367
-0.631834829226
-0.197637244128
0.749482666142
