0.161660823040
-0.760319255292
0.629110806622
0.141992915422
-0.518607165664
0.843139737844
-0.964280674234
0.262346903794
0.036563411355
-0.896391297691
-0.287557225674
0.337332895026
0.637946608476
0.696107847616
-0.329329605214
-0.341717873700
0.912340231240
0.225530920550
-0.067200375721
0.232788029127
-0.970202989876
-0.144246511161
0.531997689046
-0.834368864074
-0.471108749509
-0.823912274092
0.315000173636
-0.812439172529
-0.086715338752
0.576561392285
0.448875681497
-0.886142997071
0.115157329477
-0.924259705469
-0.259489248507
-0.280016652308
0.710371357389
0.444612628780
0.545611714944
0.905657341704
-0.376690370031
0.194651336409
-0.158794327639
-0.609068387188
0.777058594860
0.280067146756
0.132015379146
-0.950859785080
0.558916445822
0.005311911926
-0.829206964001
-0.424320897087
0.756974810734
0.496931494214
0.575498477556
0.720901411958
0.386138128117
0.974840775132
-0.058815157972
0.215002882294
-0.291340893134
0.590599417686
0.752537580207
0.701384863816
-0.537292824127
-0.468375588767
-0.422683032230
0.301986713894
-0.854484099895
-0.753206291236
0.225721430965
0.617843116634
0.866518258117
-0.477773685940
-0.144493642263
0.010962025262
0.974645606242
0.223485514522
0.861791693605
0.483062217012
-0.154809460044
-0.468971617520
0.289178377017
0.834530698135
-0.763718731701
-0.565864569508
-0.310694361106
-0.488795162179
-0.326844257303
-0.808858528733
0.141853485256
0.984670036472
-0.101501268335
-0.188465135172
-0.318081499077
-0.929142105393
0.724810997024
0.094324690290
0.682460159995
0.787977335043
0.074246730655
-0.611211208627
-0.679749051109
-0.374058198184
0.630889602005
-0.938828992657
0.086369284429
0.333377365023
-0.122306969948
0.336676194333
0.933643477969
-0.395213306881
0.840836209245
-0.369866071269
0.478368894197
-0.761581290513
0.437215207145
-0.463816160336
-0.640463667922
0.612111802213
0.852134906687
-0.167662975378
0.495737053454
0.676391564310
0.735425719060
0.040539646521
0.617893638089
-0.238833639771
0.749110100791
-0.843625802547
0.429417811334
0.322328788228
-0.682831515558
0.633274250664
-0.364286758937
-0.165461565368
-0.844202667475
0.509847354144
0.667229112238
-0.272679103538
-0.693146028556
0.039633197710
-0.105631898157
-0.993615172803
0.425364403985
-0.535183545202
-0.729824427515
-0.220935352147
-0.596084843390
-0.771926439367
-0.616480744444
0.523312248290
0.588299057446
-0.321758703329
-0.018999273889
-0.946631059982
-0.158990633674
-0.970201254822
0.182842833921
-0.651651961729
0.712538305670
0.260074762627
-0.183661957271
-0.963451247662
-0.195012762211
0.083343388513
0.036404980347
0.995855689980
-0.687689669430
-0.725886803120
0.013086868450
0.725038033910
-0.668908934109
0.163953300565
-0.586626143195
-0.050449303351
0.808284996077
0.466933262534
0.618023797870
-0.632471273653
0.883587013930
-0.217095794156
-0.414901680313
-0.504840219393
-0.808488689363
-0.302460559644
0.215520901605
0.457948151045
-0.862458248623
0.644663145766
-0.743386380374
-0.178286611103
-0.276841248386
0.000322001055
0.960915614851
0.975734185427
0.216029686853
0.035692767240
-0.116171016358
0.841219806112
0.528065839782
0.985512591898
-0.140283358283
-0.095317936502
0.311984164640
0.855109658092
-0.414069260471
-0.816521199420
0.576740715653
-0.025754156522
0.366958617233
-0.908455256373
-0.200126009062
-0.195038128644
0.763303927146
-0.615895479918
0.546507890336
0.321206105873
-0.773405302316
-0.424566879869
-0.905389465392
0.003588785417
-0.729442001320
-0.590927915648
0.344555604272
0.446415191516
-0.539258260280
0.714082631283
-0.705167897046
0.341546645388
-0.621356680058
-0.991909425706
-0.115163207054
0.053414651193
0.451199282892
0.882903903723
-0.129999623634
0.118846451864
-0.992789343931
-0.015647299588
0.402673300356
0.607991419733
0.684251887724
0.106191474944
-0.458130975254
-0.882518769242
0.108092475682
-0.731172782369
-0.673574329354
0.225225660019
0.355577336624
0.907104270533
0.057036925107
0.636543019675
0.769129229710
-0.033761406317
0.920952604152
-0.388209308498
-0.469881759025
0.595819613896
-0.651314147748
-0.223789075390
-0.823308823630
-0.521613869816
0.897180934437
0.195141845383
0.396214625798
0.230464776978
0.837480694056
0.495491747744
-0.213636062108
0.973295641132
-0.083995399997
0.719069638290
-0.494463008828
0.488308494911
-0.557064686902
0.828023626469
-0.063685220666
0.161107824184
-0.928946397267
0.333320952952
0.838662270457
0.498807732016
0.218715434894
-0.068520330824
-0.286770969629
0.955545589328
0.525675939396
0.328827636316
0.784561782144
-0.633096571080
0.005608373322
-0.774052502587
0.096364053898
-0.918106091209
-0.384441377595
0.360085351393
-0.231847824529
-0.903650997207
-0.857109752484
0.031873691827
-0.514146806672
0.760100973770
0.414822450839
-0.500168814324
0.126080632210
0.730297516100
-0.671393484809
0.938825679943
0.149534871802
-0.310234852135
-0.397853992879
-0.348793427460
0.848560748622
-0.530424660072
-0.608736640774
-0.589991000481
0.366280141287
0.912418372929
0.182569354773
0.298796422780
-0.255093480460
0.919591220096
0.422021255828
-0.766521065496
-0.484090399928
-0.750302270055
-0.308703938499
-0.584592491388
-0.880925126374
0.355809125118
-0.312042923644
-0.974511949345
0.058537532575
-0.216563656926
-0.889863332734
-0.455579014495
0.024310675450
0.433401479386
0.044287651777
0.900112082250
