0.615290928632
0.261526361108
-0.743653840385
0.106759497896
0.645158999600
0.756552888080
-0.118505003862
0.952778691426
-0.279587781988
-0.860779232346
-0.356062866747
-0.363700902089
-0.488408427685
0.870415889658
-0.061914338730
0.486414364539
-0.789900872856
-0.373440323398
-0.991039918736
-0.099748982117
-0.088825780898
-0.500698248856
0.232396599837
0.833842360415
0.159677213058
-0.067782637663
0.984839429148
-0.717677376233
0.453686364926
0.528306601569
-0.736263579689
0.626844957471
-0.254914375022
0.752150376327
-0.583923754282
0.305455167778
-0.449568759650
0.746108574793
-0.491131268442
0.264970549382
0.856660665013
-0.442632026970
0.271826758981
-0.470422781073
0.839531189762
-0.798416503705
0.587425753474
0.132144123316
-0.861875593662
0.006624841131
-0.507076494396
-0.123918586411
-0.406664237380
0.905134454370
-0.335040998645
-0.664436749183
-0.668035428971
-0.640009824187
-0.350325237960
-0.683856454678
-0.219888209365
-0.021259632893
0.975293393247
0.379631163552
-0.553692298010
-0.741151142865
0.143407898024
-0.228005090728
-0.963040940464
0.620040908456
0.759885612875
-0.195251444355
0.606746542268
-0.454791871831
0.651937868446
-0.346038182266
0.592108290642
0.727781112306
-0.721130045131
0.388216900639
-0.573811027221
-0.498944466934
0.790319140069
0.355598192662
0.715391663834
-0.450151574798
-0.534395289607
0.535292818211
-0.103467969224
0.838305419311
0.956337019801
-0.262853207998
0.127779868431
0.357826132327
0.301809176803
0.883669439703
0.927220296115
-0.271218376234
-0.258269457147
0.835982923396
-0.178151317872
0.519032425247
-0.169503650628
0.084310724400
-0.981916601770
-0.798089813441
0.040049903095
0.601205999963
0.871590763330
0.490048508160
0.013490710407
0.295428424142
0.560927930288
-0.773357551545
0.572968233377
0.613052624278
-0.543942903168
-0.849479030818
-0.527240606956
-0.020067806356
0.232261893339
0.888244489208
0.396328320727
-0.316197726876
-0.867312180810
0.384432799183
0.584241987206
0.783986184746
0.209826024249
-0.628883297555
-0.679765893146
-0.377391212620
-0.724283200689
-0.358539785258
0.588950818405
-0.548917266540
-0.835876373574
0.000722294673
-0.004684499465
-0.751316892914
0.659924981184
0.117513101548
-0.950800534338
0.286651378497
0.836414004676
0.390967690386
-0.384130025283
-0.005466768518
-0.556565242819
-0.830785919912
-0.390279265121
0.446121632122
-0.805392812937
-0.568496121094
0.052539327182
-0.821006564423
-0.300468599424
-0.291508144699
-0.908152862452
0.547229930758
-0.161248673685
-0.821302786469
-0.022210723720
0.428471783176
-0.903282133862
-0.936596160755
0.296451082453
-0.186827153899
0.782314551994
0.488041081466
0.387039846741
-0.686802292243
-0.642615764402
0.339628605172
-0.081090170890
0.746175851673
-0.660791934468
0.261071193032
0.964788043872
-0.032029058784
0.717939737253
0.219246563502
0.660676529631
0.272409297526
0.156901652925
-0.949302399531
0.496891924180
-0.864027701318
0.080960154533
-0.508835783228
-0.201975237578
0.836834600195
0.160356380045
-0.973406638019
-0.163601184264
-0.412822178565
-0.602080411278
0.683430336416
0.086857425049
-0.827293671668
-0.555014383979
-0.926357118413
-0.244659463875
0.286363814026
0.782202935778
-0.611985217780
-0.116758981720
-0.133667360991
0.980346352793
0.145100187510
-0.261808493175
-0.905348979868
-0.334364375100
-0.139164299704
0.845631355420
0.515306615271
0.986334637739
0.100137054920
-0.130830238573
-0.069743853062
0.327640682459
0.942224695347
0.841148654930
-0.015659281053
-0.540577216074
-0.951378850266
0.196314636618
0.237358052284
0.948843337595
0.141590721905
0.282220456749
0.493187312968
0.613511653617
0.616741213016
0.402168332599
-0.761300364509
0.508608283475
-0.181751588359
-0.982665608637
0.036533006467
