-0.133777518757
-0.397880394012
0.907631404698
-0.313025215641
-0.795178662986
0.519332366064
0.149953005835
-0.877083240077
-0.456332209520
-0.350755021907
0.931603260338
-0.095321972854
0.614849952981
-0.522715067491
-0.590532380156
-0.400850016624
0.733665015548
0.548684706911
-0.775134421885
-0.590847001411
0.223755330779
0.451328366064
-0.012896373868
-0.892264752649
0.971634415910
0.184054445475
0.148494181223
0.933829662390
-0.344488888979
-0.096382394433
-0.756921093911
0.296456210315
0.582395201549
-0.417958409525
-0.900277509354
-0.121701160446
0.621479846537
0.711429738440
0.328070914373
-0.588318080641
0.545901008882
-0.596551693045
-0.663179785945
-0.267803369090
0.698909096420
0.775134421885
0.590847001411
-0.223755329847
0.093786470592
-0.984812665731
0.146109924652
-0.092456013896
0.265399333090
-0.959695304744
-0.388714822941
-0.653220153414
-0.649772433564
-0.832965260372
-0.437856874429
-0.338304937817
0.340579146519
-0.092471092939
0.935657490976
0.793690074235
-0.343592626974
0.501996186562
-0.267983569764
0.200857359916
0.942253218032
0.083122098818
0.936779986136
0.339902887121
-0.914481013082
0.138647560030
-0.380133303814
-0.074437822215
0.778971339576
-0.622625619173
0.866701220162
0.078955601901
-0.492539346218
-0.815651970915
0.577235088684
0.038878193125
0.706265673973
0.242443379946
0.665139085613
-0.984520405531
-0.046966359019
0.168860091828
0.300139226019
0.932266751304
-0.201978087425
0.611339504831
-0.790815293789
0.029583423398
0.328793125227
-0.697960797697
0.636196357198
0.451694369316
0.541376237758
-0.709143119864
0.196913379245
0.555225529708
0.808053049259
-0.557352961972
-0.088968839496
-0.825495135970
0.037249445915
-0.396279636770
-0.917373930104
