0.225124399178
-0.027347927913
0.973946145736
0.128867684864
0.684131259099
0.717884071171
0.625338553451
-0.172290243208
-0.761096421629
-0.878878352232
0.258966268040
0.400636135601
-0.178083458915
-0.066888487898
-0.981739380397
-0.526065951213
-0.333853308111
-0.782174265943
-0.303331499919
-0.070676688105
0.950260388665
0.796474320814
-0.441807950847
-0.412836999632
0.436098015867
0.376567120664
0.817322288640
0.425713917241
-0.458421173505
0.780139530078
-0.209475016221
-0.972989046015
-0.097018209286
0.273173557594
0.161171525717
-0.948366988450
0.784175484441
-0.432315409184
0.445165357552
-0.559223646298
0.162796494551
-0.812875275500
-0.448561304249
0.587597532198
-0.673440342769
-0.656742023304
0.611906800419
0.440749339759
0.968285036273
-0.249707206152
-0.008390408009
-0.055227926932
0.815846043639
-0.575625840575
0.393243507482
-0.588763032109
-0.706199429929
-0.494798365980
0.818003491499
-0.293334047310
0.014140190557
-0.746733770706
0.664972729050
0.479259707034
0.741926806979
0.468886708841
-0.060094708577
0.988989897072
-0.135231685825
-0.394826766104
-0.767278792337
-0.505366281606
0.031734407879
-0.955896115862
0.291985516436
0.071228883229
-0.876172429882
-0.476705692708
0.451601535082
-0.787420358509
0.419553608634
-0.106859586202
0.420636055060
-0.900914167054
0.513997284696
-0.783234345727
-0.349786718376
-0.862464081496
-0.065782587044
-0.501825027168
0.789840526879
0.399103024043
0.465691654943
-0.757413209416
-0.539378310554
0.367962317541
0.648441204801
0.259219544008
-0.715771771967
-0.424614540301
0.888127860613
0.175873233005
-0.797090709209
0.416814078577
-0.436935261823
-0.297266243957
0.703958487138
0.645038934425
0.930418577045
-0.009254539385
0.366381799802
-0.101085282862
-0.560937209986
-0.821663685143
0.962115196511
0.272633738816
-0.002278654836
0.217170218006
-0.268803739920
-0.938393117860
-0.714749428444
-0.136299442500
0.685970637947
-0.075084500015
0.349491671659
0.933926060796
0.732397256419
-0.679960390553
0.035328803584
-0.546602800488
0.305610992014
0.779632797465
-0.986157966778
0.145825889893
-0.078913072124
-0.394311810844
-0.842964801937
0.365962479264
-0.641745430417
-0.765049844980
-0.053493318148
0.346192829311
0.934577158652
0.081951564178
0.755296310410
0.526201547123
-0.390690944158
-0.014433932491
-0.400539989583
0.916165583767
0.667538636364
-0.032792828046
0.743852672167
0.342568237334
0.593772171997
-0.728067035787
-0.807032073848
0.590380912647
0.012231470086
0.300401529297
-0.953275627457
-0.032007779926
0.394005795009
0.853233526461
-0.341689890251
-0.743647580035
-0.509337586351
-0.433086018078
-0.430323210545
-0.521686730906
0.736657917500
-0.946237644181
-0.141724608839
0.290772168897
0.912398609333
0.033976893872
-0.407890116796
0.724786210805
0.687306274660
0.047906493768
0.009479403496
0.934222317301
0.356565283611
-0.931616776623
-0.354455678724
-0.080320310779
