-0.516332831234
0.206596663222
0.831094593741
0.978778592311
-0.066023582593
0.193993176334
-0.376038774848
-0.431722963229
0.819884212688
-0.789933241904
-0.283185136504
-0.543885695748
0.933772302233
-0.357635886408
0.012878618203
0.456057941541
-0.888993940316
0.041242287494
0.320395303890
0.930121276528
-0.179502810352
0.629964859225
-0.410894764587
0.659021825530
-0.455789684318
0.168368228711
-0.874018250033
0.897585696541
0.274977402762
0.344568344764
-0.315867524594
0.747186820954
-0.584755984135
0.632441034541
0.740710250102
-0.226642144844
-0.855359819718
0.413473215885
0.312088891864
-0.335176501423
0.769815644249
0.543176385574
-0.338470474817
0.924364560284
0.176033790223
0.344268799759
0.813808412291
0.468182506040
0.837194683030
-0.448108172975
-0.313534890302
-0.792506905273
0.148618071340
0.591477364302
0.100598931313
0.411916810088
0.905651365407
0.250517309643
-0.902083427645
0.351406553760
0.407871549018
0.565343800932
0.716956892051
-0.014844354242
-0.562681415118
0.826540542766
-0.975878290832
0.216274318285
-0.029782193713
0.118893519044
-0.204935639165
-0.971527515911
0.307659031823
-0.347870348953
0.885625281371
0.698594612069
0.278158836998
0.659236853011
0.970211714506
-0.097676217556
-0.221694801003
0.035187024623
0.720479170792
0.692583306693
-0.589714084752
0.806790631264
-0.036416685209
-0.857777527533
0.359503610060
-0.367389257066
-0.652005017735
-0.518819179386
0.552916009910
-0.270146137103
0.505605884828
0.819380102679
0.642244143412
0.169243729673
-0.747582115233
-0.830775785260
-0.520410750993
0.197444280609
-0.269441902637
-0.189344061539
-0.944219194353
0.877819582820
0.188217055053
-0.440462391824
0.833072841167
-0.073004506528
0.548324705102
-0.440980368294
-0.845604901202
-0.300813337788
0.504049425945
-0.188755965792
-0.842796155252
0.422597753815
0.255177724175
0.869652497582
0.666764220223
0.507210855372
-0.546042692848
-0.870449779555
-0.226891194470
0.436849592254
-0.479957604781
-0.459861418232
-0.747106532566
-0.954094279557
0.077850909904
0.289211582392
0.067719135433
-0.997361480258
0.026157131419
-0.028239188716
0.925940343179
0.376612569205
0.672959447838
0.594855543226
0.439627640881
0.060416801833
-0.781597615220
-0.620850204490
-0.103006883524
-0.515203829855
-0.850855213590
-0.253523644060
0.475098102354
-0.842619459145
-0.327673687600
-0.722604069859
0.608665187843
0.341402187943
-0.662513388321
0.666723746806
-0.329481081106
-0.944108002819
0.010114102624
0.822349043563
0.561174103059
0.093945062719
0.840958118439
-0.410925466567
0.352036506869
-0.828359737992
0.559064043686
-0.035602505319
0.311599474400
0.124945323914
-0.941963073798
0.012562002055
0.911283517256
-0.411587835290
0.607992068864
-0.739057756029
-0.290067709051
-0.634142683819
0.681099283509
-0.366014782339
0.565897537395
-0.070022346452
0.821496711113
0.801255919039
-0.152925502509
-0.578448564745
-0.674788882956
-0.735351657495
-0.062593140639
0.279695796780
-0.505298194475
-0.816360211000
-0.950409137644
-0.037077605724
-0.308784261346
-0.595146403648
0.459078785032
-0.659581250511
-0.882079357281
-0.428357726894
-0.196075656451
0.756005078554
-0.653310062364
0.040525082499
0.088111908175
0.406088592485
-0.909575914964
0.560659369454
0.816683036275
0.136710969731
0.390991376713
-0.729203149676
-0.561594612896
0.396938629448
0.481966727413
-0.781119578518
0.973588346504
0.225191991776
-0.037607152015
-0.541202722117
-0.787335714325
0.295299990103
-0.653774016537
-0.612835781649
-0.443860155530
0.373750118539
0.768757093698
-0.518963754177
-0.657061732374
-0.170617547818
0.734274833463
0.245926599950
0.955422773957
0.163362873718
-0.590245852247
-0.138079145923
-0.795326336287
0.623390643857
-0.480701046064
-0.616693285294
-0.771647854708
0.111594262533
-0.626183924265
0.262101526372
-0.920065394603
-0.291174274869
0.205020712689
0.018918896094
0.978574770503
0.020903903991
-0.805460093543
0.592281236313
-0.090096976608
0.125689085573
-0.987970033661
0.052717822604
0.697458715178
-0.714683265425
0.591393799521
-0.710131945089
0.382054960355
-0.056949844584
-0.232012599707
0.971044215374
-0.301859914325
-0.739569005556
-0.601596440189
-0.981816887856
-0.181888607331
0.054333531298
-0.329923924059
0.912849050947
-0.240534432232
-0.036648925394
0.998826500960
-0.031661910005
-0.162043063901
-0.931500559673
0.325651272200
-0.611707958393
0.498972124420
0.613873106427
-0.374420236796
-0.098702691495
0.921990923584
-0.104629597627
-0.943062931299
-0.315729239956
0.846439638175
0.472592983395
-0.245348343626
-0.637064227834
0.709661126137
0.300882460549
-0.152235980146
0.162776068784
0.974847760983
