-0.465198153630
0.795309456997
-0.388681803830
-0.517647749744
-0.853249429725
-0.063294680789
0.300884429365
-0.684358097613
0.664170575328
0.032220274210
0.749444069341
-0.661283176392
-0.367054425180
-0.713810534216
0.596444102935
-0.074198066257
-0.304611436091
0.949582286179
0.577730730176
0.795531199314
0.182639843784
0.556835213676
0.675956766121
-0.482718338259
0.251930966042
0.249829865992
-0.934941615909
-0.412801356986
0.396554229781
-0.819963280112
0.043625330552
0.995179206133
-0.087836079299
-0.948516154662
0.175157120451
0.263888396323
0.918914631009
0.362229024060
-0.156160283834
0.791472180746
-0.384432163090
0.475167021155
0.592736100778
-0.802309796214
0.070447883569
0.100127238780
-0.910212515853
-0.401855335571
-0.880785480142
0.354274082929
-0.314176400192
-0.612048423849
-0.097543672659
0.784781470895
0.244735838845
-0.438694992103
-0.864668185823
0.966660409234
-0.243111441843
-0.080401978455
-0.830046732910
-0.447599236853
0.332682044245
0.475335735828
-0.061311563477
0.877665556967
-0.040044243447
0.852494284511
0.521200491115
-0.714269310236
-0.094239259139
-0.693497162312
0.021020424552
-0.978939902037
0.203063556924
0.746549586765
0.018860445358
-0.665062400512
-0.216850874946
-0.140104645863
-0.966098537669
-0.414037189446
-0.639346078970
-0.647927307524
0.653854127042
-0.584425061941
-0.480543573387
-0.603049470112
0.782906080596
0.152935947292
0.879428660497
0.221602361649
0.421304667369
-0.915148864500
-0.331745676696
-0.229013889097
0.444111513905
0.532114658505
0.720845997334
-0.564986210316
0.499054848216
0.657065323554
-0.080361850560
0.310101621784
0.947300879285
