0.136707630940
0.002207734622
0.990608979017
-0.823241990991
0.059183266945
-0.564597169869
0.938878565095
0.049125752412
0.340725256130
-0.558797324076
-0.545731578022
0.624437822029
-0.481540270150
-0.786021941341
-0.387670573778
-0.608530039899
0.360509012826
0.706911904737
0.977290201001
0.044710271992
-0.207134868950
-0.243556599133
0.954305808991
0.173149083741
-0.766111711040
-0.099812126718
0.634909744374
0.339356305078
-0.601794899441
-0.722966247238
-0.161496858113
-0.672117648646
-0.722617899999
-0.580869276077
0.798772557639
-0.156694873236
0.750928231515
0.527580253780
-0.397197513841
-0.926838923246
0.216393704526
0.306827920489
-0.076899903826
-0.508204304613
0.857796472497
0.586697028950
0.809669055045
0.014920351095
-0.381605690345
-0.109884236008
0.917770423926
0.423673338257
0.421300046146
-0.801877279766
0.894984190352
0.441789632663
0.061848348938
0.246607238427
0.868510765955
0.429969670251
-0.194091693498
0.896627359092
-0.397979636677
0.158993895166
0.985452692024
-0.060032751411
-0.672797549516
0.671416096389
0.310715111904
-0.224296843633
0.739679479040
0.634480253793
-0.581392228603
0.547385631129
-0.601956847124
-0.235314337537
-0.971863692626
-0.010398252867
-0.565473593771
-0.362701441161
-0.740734282881
0.764251654036
0.107678810135
-0.635865300894
0.269948025234
0.511127677746
0.816012597643
0.915501007810
-0.402278373018
0.005478518084
-0.641916518100
-0.754784531891
0.135068474337
-0.091792129911
0.597146403976
-0.796862833202
0.574946132489
-0.772419805638
-0.269823251292
0.774982027709
-0.368572082371
-0.513378491625
0.228511626832
-0.966437561437
0.117391970009
-0.906087569892
-0.345845484175
0.243713389151
0.059014949016
0.172621943988
-0.983218642883
0.078722481616
-0.920000782236
-0.383928809315
0.322649942711
0.809452969581
-0.490594438277
0.757625351660
-0.381616643630
0.529502183199
0.626876837574
0.103010488674
0.772278620861
-0.844244539738
-0.449358675629
-0.292109459639
0.439525981434
-0.135076362640
-0.888015364297
0.402725748718
-0.348104662262
0.846543037333
-0.181846668012
0.346866663545
0.920117006637
-0.993329791352
-0.025859448127
-0.112370871939
0.680835156702
0.543093805201
0.491439322010
-0.188211999834
-0.863183584064
0.468497963622
0.315250829794
-0.746219057590
0.586322464049
-0.070258650929
-0.283238470554
-0.956472524442
-0.423733333126
0.139272040688
-0.895015843213
0.639438451268
-0.737286632881
0.218006620184
-0.882242982276
0.440274832770
-0.166749482974
