-0.404681783170
0.215988110751
0.888584148139
-0.844172040932
0.057021140121
0.533031100407
0.932884318754
-0.334935537539
0.132457664236
0.245201870799
0.937646421604
-0.246364017017
0.354664503597
0.683413027786
0.638090685010
0.368020348251
-0.141354447231
0.919010305777
0.734187790193
-0.661498492584
-0.152931460179
-0.833771414123
-0.335662452504
-0.438355958089
-0.215058648959
0.006518678740
-0.976579378359
0.919283777475
0.067848905921
0.387703315355
-0.992935512215
-0.107322243042
0.050606352277
0.016240775585
0.955638970248
0.294092492200
-0.187521532178
0.689410005696
0.699678152800
-0.766686293297
-0.469361875206
0.438054285012
-0.529050861485
0.436010141857
-0.728011223488
0.579327969812
-0.746030081064
0.328356849030
-0.396773907356
-0.479629109614
-0.782640647143
-0.006732897833
-0.808331688866
-0.588688838296
-0.655741122551
0.699250294827
-0.284697389230
0.250177295879
-0.616734059528
0.746358104050
0.484085112810
0.858203774318
0.170727514662
0.755124000832
0.255798491649
-0.603618152440
0.314998671412
0.152540068142
-0.936753629707
0.334030115977
-0.931694483384
-0.142720952630
0.378585522994
0.642014324665
-0.666701287031
-0.166198025458
0.804297413677
-0.570511950180
-0.512482773513
-0.777472098358
-0.364552521147
-0.650070662610
0.502315985970
0.570163820870
0.709895185195
-0.325298066251
0.624683914706
0.493089786731
-0.643829107285
-0.585103872232
0.794320644811
0.526580192149
0.302932357416
-0.285607948899
-0.675396271050
0.679902915843
0.622892644256
0.243155444972
0.743559131399
0.070060637780
-0.933022873476
0.352930338122
0.587990170345
-0.201884142123
-0.783269016072
-0.244425788522
0.961328571662
-0.126899214461
-0.050148473121
0.464231789112
-0.884292923845
-0.813115872443
-0.581637028605
-0.023258200847
-0.093557992950
-0.232044409961
0.968195379712
0.722162109800
0.648589372635
-0.240444821306
-0.465248629451
-0.858642542735
0.215120186098
-0.516020025127
0.820281084627
0.246702805161
-0.545781433582
-0.250273745507
0.799678483978
0.110828064382
0.304574360140
0.946018815041
-0.135621781461
-0.983313341625
-0.121250169352
-0.901261582971
0.218143208884
-0.374354240485
-0.654403187335
-0.033967828378
-0.755382455885
0.883374475874
-0.246737094596
-0.398459961638
0.976371090859
0.187483975664
-0.107467440888
0.125535770319
-0.389436596073
-0.912458167411
-0.896262460388
0.427225859836
0.119128772058
