-0.352565902285
-0.358515436761
-0.864386467263
0.146514820866
-0.212117272429
0.966198565438
-0.180858326145
-0.983168452978
0.025885459967
0.983414794318
-0.045952189714
0.175452951342
0.378874520771
0.913289112970
0.149522882886
-0.185941099189
-0.651120090857
-0.735845454969
-0.756887272000
0.175583167002
0.629517439753
-0.584050165489
0.759069710039
0.287573603913
0.938420834020
0.282202121802
0.199319588952
0.635950941592
-0.477466120385
0.606294072233
0.685134983622
-0.137596092187
0.715302291326
0.978114021011
0.164465693757
-0.127451936714
-0.423100677319
-0.884673802182
0.195801119320
0.502999288961
0.560172460973
0.658178188838
0.707281525247
0.152305169962
-0.690330339596
-0.664286340587
-0.747464423068
-0.004537885077
0.865973772481
0.089799078181
0.491960922256
0.424981437624
-0.009603424929
0.905151120387
-0.530924927443
0.590079599991
-0.608214423992
0.774754071608
-0.536923395470
0.333870327100
0.294381431304
0.817795768380
0.494519617409
-0.069242858328
-0.960857422091
-0.268250704743
-0.050112041645
-0.420331686735
-0.905985681340
0.389616803266
0.756285252981
-0.525577169843
0.589040857740
-0.766048961319
-0.257293323986
0.094735760242
0.904868760146
-0.415015255101
0.246829450130
-0.897696166299
0.364988786168
0.669713503681
0.662955947220
-0.334624018520
-0.247610767372
-0.593749494292
0.765604626387
-0.170422414318
0.221847054549
-0.960072957911
0.765031129122
0.424029104412
0.484692365862
-0.225010667928
0.547435035929
-0.806030445732
-0.851155564189
-0.045567481779
-0.522931935266
-0.660100623965
0.066493581049
-0.748228420503
-0.413521869108
0.699004252441
0.583431844600
-0.859663076699
-0.486486747861
-0.155916765332
-0.634724463336
-0.690544980578
-0.346803234890
-0.636165924370
-0.684270541184
0.356464223005
0.112219435163
-0.542532790452
0.832505236380
-0.570037038997
-0.514367689379
0.640689982101
-0.501241336577
0.399299214594
0.767670018598
-0.061720500700
0.814819290303
0.576420075260
-0.131640709937
-0.358167115599
0.924330589361
-0.917123251595
-0.050123855472
0.395439678803
0.612798981369
0.482227127068
-0.626046647318
-0.829914096743
-0.535598487593
0.156130880117
-0.935706852935
0.196047708392
-0.293288220651
0.278246604837
-0.919873629697
-0.276425994933
-0.092575816438
-0.939841158688
0.328828698024
-0.961217525415
-0.159179236740
-0.225217314437
-0.915408366360
0.401160913520
-0.033127683215
0.898890772834
0.019214955159
-0.437751255929
0.973566014320
-0.176368243061
-0.145132551901
0.043588469736
0.404736904427
0.913393717259
-0.960579263046
-0.254055476747
0.112886196002
-0.344944579527
-0.783091113903
0.517476127483
0.671360843815
-0.534593313001
-0.513307516463
-0.189600583166
0.578906384297
0.793044144288
-0.519700740464
-0.566357999109
-0.639648149721
-0.716709660366
-0.173022210598
0.675566854887
0.860734845512
-0.295712599531
-0.414354416542
-0.449696443975
0.893179072998
0.002061713487
-0.196140721440
-0.061613084748
0.978638158180
-0.804284183308
0.552886901423
0.217814196832
-0.754841011949
0.309619034640
-0.578231007792
-0.477055801079
0.320346031338
-0.818410766311
0.917640157975
-0.382393227890
0.108221800067
-0.517527891323
0.790194634348
-0.328264100477
0.221207511611
-0.266385090537
-0.938139765523
-0.439626821317
-0.287097888999
0.851059962064
-0.513152808882
0.055390842259
0.856508054771
0.800932227634
0.564966631122
0.198293395340
0.174574877135
-0.600199576467
-0.780566511676
0.841076944955
0.350713092834
-0.411812939681
0.121036405675
0.989544852637
-0.078429409303
-0.818891925737
-0.379687400535
0.430410837755
0.169865882955
0.082157651894
-0.982036506757
-0.205258369446
0.945345700718
-0.253358454444
-0.103098146617
-0.118100048043
-0.987635130063
-0.696649223566
0.500174446963
0.514300865121
-0.411820713431
-0.023173873313
-0.910970181227
0.647575986572
0.761998889036
-0.001741579734
0.715108545497
-0.199111859314
-0.670055396855
-0.285425520502
0.898591112345
0.333266086876
0.429783612490
0.270132521167
-0.861576732248
-0.636440342292
-0.250065607019
-0.729664910585
0.446910643950
-0.893124084920
0.050992582925
0.420758752152
-0.365045210347
0.830484235659
-0.238789853640
0.258216440678
0.936110930517
0.351061260328
-0.681762516499
0.641837877221
0.052159287967
-0.832753707655
-0.551181158982
-0.906991877593
0.274539690465
0.319364510477
-0.793560834602
-0.390710377134
-0.466483226977
0.092019089498
0.415970277041
-0.904710569419
0.587231218815
0.724655366503
0.360602404922
0.546970925294
-0.752357392572
0.367125537246
0.833577716723
-0.516365117393
-0.196253038943
-0.713102440350
0.699158964679
-0.051591176540
-0.775999897160
0.532379284501
-0.338225452229
0.720086168498
-0.691357395612
0.059168066829
-0.413652685471
-0.894419346936
-0.170016136952
-0.238745735027
0.796619740315
-0.555335450917
0.408872822300
0.886898675933
-0.215020352975
-0.156807690859
0.985820286907
0.059747032821
0.395752375014
-0.730190516450
-0.556957687251
0.131555844098
-0.990491417237
0.040246887133
0.008756587282
-0.788984990679
0.614350068383
0.866485490464
0.488710395060
-0.101808853447
0.334355549887
0.555839607492
-0.761083895341
0.864353762008
-0.245822939090
0.438706799410
0.473302471451
-0.428707997315
-0.769541566260
0.066981394775
0.956486914307
0.283982877620
0.100833767094
0.111571965739
0.988627456129
0.175811577588
0.634920913726
0.752306933515
0.063191690482
0.713466343470
-0.697834210470
-0.996189414524
0.073411147110
0.047089839354
0.354912022129
0.335471220315
0.872637677006
0.483041690663
-0.069357457571
-0.872846072540
0.642501953989
0.219839755446
0.734072012827
-0.315345450304
-0.817713702098
-0.481561571360
