0.597668100148
0.756899603643
-0.264378197491
-0.958505411632
0.088005906902
-0.271150022745
0.358350183815
-0.930842047557
-0.071541783400
-0.113885182887
0.396270680241
0.911043199711
-0.323953782208
-0.578158931807
0.748856591992
-0.934989253990
-0.353266225196
0.031592203304
-0.333941604942
0.942101114430
-0.030471198261
0.155393797904
0.083016248420
-0.984358201735
-0.007980026305
-0.926582152024
0.376007758081
0.937582921237
-0.169464595616
-0.303677484393
0.389245960861
0.226903631352
0.892749865539
0.615066780709
-0.244260160252
0.749686486088
0.403271244839
0.509519490413
-0.760106696747
-0.158932445571
0.475669815205
-0.865146636963
0.125132263638
-0.835673372261
-0.534782133065
0.315333947539
0.696054317988
0.645037120208
-0.669844015501
0.274562481791
-0.689872768708
-0.344118495472
-0.648290489800
-0.679192094132
0.153473660350
-0.434098714963
-0.887695972808
0.792694280855
-0.607490583323
-0.050901549868
-0.949136458337
0.191783925518
0.249717655592
-0.431076498702
0.739463705570
-0.517074925825
-0.767880532891
-0.289088832214
-0.571652982384
-0.581353927031
-0.757991804741
0.295763477683
-0.664692051709
-0.705478699878
-0.245935516432
-0.632662554272
0.349983585067
0.690832528286
0.210512696765
-0.617449658923
0.757918413728
0.598562101834
-0.591106890701
-0.540662604384
-0.223307951353
-0.963992482983
-0.144402387552
-0.785462539643
-0.253049519844
0.564813719131
0.659985612147
0.708082266152
0.251074679196
0.934116777964
-0.208874304779
0.289477751590
0.069966350682
-0.175091895275
0.982062898576
0.614976860583
-0.080212645233
-0.784454837441
0.780892583542
0.281890688464
0.557444537058
-0.419860202819
-0.066752101295
0.905130689964
0.193102584220
0.972769172862
0.128185517155
0.083243460394
0.884947057813
-0.458191259764
0.577304856852
-0.707109897397
0.408307108097
-0.794866816141
0.576100727543
-0.190511665307
-0.346876052208
-0.115982304327
-0.930712151341
0.812579116784
0.316939333454
-0.489146845415
-0.224977058358
0.812016178854
0.538530451246
-0.677887031808
0.674016610719
0.293548597023
0.949435017072
0.313434494659
0.018219917081
