-0.850855206139
0.097011248581
-0.516366376542
-0.463596405461
-0.020047987811
-0.885819648392
0.859967631288
-0.221688664518
-0.459684466012
-0.058572749607
0.776432672516
0.627472339198
-0.800837869756
-0.384867888875
0.458841380663
0.590456557460
-0.453205547296
0.667806696147
0.401211471297
0.608749644831
-0.684436428361
0.135560668074
-0.852088585496
-0.505537680350
-0.874781270511
0.206051129848
0.438520991243
-0.991371163167
-0.125119743869
-0.039093029685
0.423767354339
-0.474052692764
-0.771812977269
-0.884654994123
0.454754010774
-0.102880170569
0.101420623250
-0.994696238078
0.017124530859
-0.778611138463
-0.626679790206
-0.032204572111
-0.483355737291
0.452937408350
0.749142799526
-0.008919041604
0.279036220163
0.960239156149
-0.058430417441
0.852796260267
-0.518964761868
-0.077333833091
0.994866802357
0.065265024081
0.541834323667
-0.799912702292
0.257983009331
-0.723657375202
-0.432213799097
-0.538062481210
0.490563836880
0.517847688869
0.700842985883
0.901072512381
-0.411237891763
0.137665256858
-0.037788568996
0.399805049412
-0.915820913389
0.535355246626
0.104619836435
-0.838122573681
-0.369445552118
-0.575216966681
0.729818760417
-0.510068403557
0.833445366472
-0.212600667030
-0.581659807824
0.748415480368
0.318663042970
0.995962788351
0.088179481216
-0.016807815991
0.054019037634
-0.320935290307
0.945559348911
-0.214220560156
-0.557826441713
-0.801834902726
0.463617318310
0.020161132328
0.885806135833
0.856327445246
0.065691011027
0.512238222174
0.819803943858
0.402854337357
-0.406976503320
0.806673737243
0.563087468036
0.179471402429
0.459103684872
0.862596551888
-0.212487632409
-0.407001987100
-0.869333664887
0.280371825211
0.378862592392
0.869175270200
0.317801014520
0.063316599466
-0.128397538327
-0.989699489437
0.619172371924
-0.735002076253
-0.276401012205
-0.378825230524
-0.869226917624
-0.317704278976
0.106742999516
-0.801796639338
0.587986462750
-0.546211180277
0.525167615153
-0.652573613450
-0.500391240232
-0.065676736645
0.863304796629
