-0.974696927704
-0.101335119456
-0.199241289869
0.950587026775
0.305148862302
-0.057170577347
0.963733912446
-0.265428717248
0.027650341392
-0.657050820999
-0.121197587810
-0.744039893150
0.547990198247
0.781886660494
-0.297254085541
-0.040860059671
-0.904597224668
-0.424304508604
-0.795536171645
-0.575811401941
0.188582680188
-0.676137894392
-0.406474526040
-0.614504682831
0.129233640619
0.394485266879
-0.909769223072
-0.253227202222
0.540113031864
0.802591986023
-0.100844193250
0.819670055993
-0.563889570534
0.607174043544
0.702851195820
0.370593949221
0.184953743592
-0.584515673108
-0.790021226741
0.321376373991
0.940668889321
-0.108900252730
-0.068722233176
-0.911916589364
0.404580509290
-0.426248796284
0.681869829074
-0.594445538707
0.586436023004
-0.751311216503
0.302694970742
0.283641137183
-0.894021501765
0.346804351546
-0.853890456259
-0.115311135538
-0.507517910562
0.775551755913
0.413504828699
0.477004433982
0.359267328866
-0.102486926131
-0.927590111271
-0.135908983648
-0.436610930599
0.889325385913
0.489773714915
-0.628888505511
-0.603838517331
-0.926839291118
0.222911091521
0.302125093527
-0.980038429610
0.190866625868
-0.055629186332
0.550587650388
0.511513774283
0.659702126868
0.894839123823
-0.242589585483
0.374717539176
0.879008114338
0.283726210706
-0.383202520199
-0.452429131605
0.063268899918
-0.889553216286
-0.622890549712
-0.666654622182
-0.409364112653
0.898370154202
-0.297377335839
-0.323261170648
-0.095157567412
-0.729916586541
-0.676880205981
0.228983269073
0.868314879946
-0.439995376393
0.143664664589
-0.787488107570
0.599352102727
-0.143329784274
-0.463532547466
-0.874410743825
-0.179285236634
0.232544498518
0.955918332562
-0.892238713801
0.442750255577
0.088782250881
0.433930837549
-0.674288024195
0.597527980804
-0.623695332557
0.722509959713
-0.298301003873
-0.764992343262
0.533454049379
0.360851064324
0.820063452236
-0.530496184714
0.214638606645
-0.487238571979
-0.862404878251
-0.137318604626
-0.168699163944
-0.973719661124
-0.153005269356
0.667672563344
-0.743749462068
-0.032405008562
-0.984325228259
-0.075101954862
0.159572992474
0.059469723143
0.419614167884
0.905752339400
0.431934184395
0.696431137621
-0.573076372966
0.060655445792
-0.992865260690
0.102662022226
0.988362873904
0.014928108081
0.151380249299
-0.409290490672
-0.601814368740
-0.685784775764
-0.930642900988
-0.365925019607
0.001633723266
-0.333131725900
0.882630973123
-0.331641096622
0.851743806154
-0.030985546298
-0.523041473702
0.980007247068
0.002836166881
-0.198941575363
-0.433275641873
-0.264105086215
0.861696420237
-0.176542087458
-0.116422691382
-0.977383571677
0.400085388683
-0.915718579665
0.037298317999
-0.538934638724
0.777855645865
0.323249205016
-0.274488588795
0.786264160648
0.553574459627
-0.166097021662
0.568530842662
-0.805719839409
0.872339298017
0.071758208796
0.483606148511
0.100505641662
0.068261498585
-0.992592052557
0.171750735492
-0.560065386817
0.810449533165
-0.701939899474
0.475122926757
-0.530602092855
0.795057279989
0.576711367816
-0.187850786373
0.714534969069
-0.598686496727
-0.361958912574
0.814826888964
0.559846768156
0.150428508408
0.852566102520
-0.512970169075
-0.099963217974
-0.898887061514
0.198277618736
-0.390753163956
-0.486283074133
0.873745487072
-0.009878937155
0.120909737423
-0.288777778856
-0.949730608612
-0.658186376095
-0.000640115701
0.752854756080
-0.139740042388
-0.709569231607
0.690640445799
0.016120709479
0.712262966670
0.701727573760
-0.287890684791
-0.945414341055
0.152678340673
0.694299788214
0.240578762256
-0.678284351714
-0.579412595369
-0.794786276296
0.180543118156
-0.725514948368
0.687072657980
0.039486970752
0.473586373962
-0.387401236221
0.790971697308
0.630589248613
-0.074551777914
-0.772527818568
0.696945303120
-0.483963294886
0.529194455594
0.329513147473
0.771280895919
0.544561166316
-0.714609219693
0.177491549402
-0.676631666720
-0.847799083218
0.481404531747
-0.222455366515
0.445882028900
-0.375135309994
-0.812688571401
-0.694076345302
-0.316623564810
0.646535028704
-0.184975444339
0.249899683520
-0.950438967906
-0.543363674544
0.576813714579
0.609952338040
0.226846672595
-0.811914035119
-0.537899791263
0.924055377021
0.286927730776
0.252575010993
-0.866543751210
-0.037988705561
0.497653276660
0.387484729290
0.282992281020
0.877365916967
0.151722819544
0.671396885067
-0.725400859490
-0.250450562686
0.934082017280
0.254490274005
-0.339468484744
-0.831619285047
-0.439511672594
-0.128241313621
-0.117353180423
0.984775302000
0.281740285456
0.566761817783
0.774211503565
0.666352516040
0.181271063164
0.723266979679
-0.431281781755
-0.553521174006
0.712467776611
-0.398939979263
0.032266980968
0.916409151629
0.442610043101
0.469059402123
-0.764251022600
0.179980820976
-0.258740071207
0.949031337164
0.417504160665
0.189099410549
-0.888781012036
0.457207020372
-0.053270567209
0.887763474137
-0.382570394315
-0.799767367542
0.462614364922
0.715466407128
-0.354276577942
-0.602159385569
-0.750181911513
-0.652685897425
-0.105963285081
0.352794650942
0.904800194316
0.238479646854
0.141910113394
0.085435081273
0.986185765825
0.041965849698
0.904806824401
0.423749309033
-0.210380885750
0.976265240461
-0.051439885050
0.062676466070
0.993320794776
0.096878570504
-0.754070044495
0.285948758014
0.591279692017
0.004019171931
0.966323831119
-0.257297684439
-0.654016873799
-0.596110781655
0.465740124695
-0.852516318671
-0.408716465347
-0.325832435861
-0.873445228674
-0.332555571571
0.355668697506
0.607013670728
0.794045905583
0.032023474574
0.684015736915
0.526967898011
-0.504407875240
-0.497211463749
0.310628469102
0.810117715970
-0.430509294383
-0.299763421528
-0.851354002021
-0.468452853151
0.396487492137
-0.789524914697
0.181468473747
-0.960102337413
-0.212773807347
0.717358808964
-0.166609543376
0.676489170641
0.475202648900
-0.826037267223
-0.303059194237
