-0.956662409939
0.103699830361
-0.272109126672
0.496312273666
0.728508526459
-0.472175233997
0.261420909315
-0.924795248546
-0.276428750716
-0.635524081066
-0.770493473858
-0.049486839212
0.699599568732
-0.181227520108
-0.691170766018
-0.291731500998
-0.473452694714
-0.831104852259
-0.695451383479
-0.237394039519
0.678226688877
-0.581017863937
0.568056560121
0.582863607444
0.021766139194
-0.784666941501
0.619535330683
-0.177297963761
0.331997903064
-0.926467929035
-0.400632723235
0.882810300216
-0.245233345777
0.257062841207
0.077527688816
0.963279892690
0.256657480262
0.868636837229
0.423788839951
0.929966118187
0.308121436276
0.200559710152
0.815532593988
-0.497329164296
0.295922773890
