-0.871048331261
0.428039557301
0.240950079635
-0.229607280344
-0.184377475642
0.955659689382
-0.578845316544
0.732329840772
-0.358651783317
-0.544317580760
-0.661427551880
0.515976707451
-0.839236608706
-0.274410241283
-0.469447475858
0.125146692619
0.833684587851
0.537873881869
0.583332277834
0.804471017793
0.112026039511
-0.431820090860
0.865870251320
0.252586849965
-0.026298536919
-0.987148256972
0.157628373243
0.037830946036
0.987475830130
-0.153167567216
-0.473491568118
0.192557755858
-0.859492434189
0.914939118549
-0.369579301216
-0.162165187299
-0.018400200643
-0.853571075946
-0.520651371218
-0.429315440357
0.475662888959
0.767745444551
0.265611921437
0.201350852847
-0.942819250748
-0.064334566705
0.690411844291
-0.720550170168
0.898956111632
-0.141523883678
0.414546617307
0.679310146719
0.412966882810
0.606626801193
0.499009670690
-0.841145322658
-0.208479958586
0.461395381950
-0.213569671847
0.861105275340
0.597293606959
-0.704317313619
0.383637155406
-0.751986812800
-0.054542074911
0.656917798333
-0.021845806390
-0.318928052671
-0.947527127340
-0.912133172154
0.240868058056
-0.331655927002
0.060333008878
-0.693688432686
0.717743884772
0.948177721351
0.316178023815
-0.031471656635
0.150600911118
0.329027897678
0.932233880274
0.523762306198
-0.448991373181
-0.723933554254
-0.593177566305
-0.793454779312
-0.136271371506
0.796623136848
0.093448039144
-0.597209377214
0.547054870985
0.667285310104
-0.505431777798
-0.474283196032
-0.503886144608
-0.721910106018
-0.955990570597
-0.264031733386
0.127942450345
