-0.517579756677
-0.844312163070
-0.138737753965
-0.696814103983
-0.487146135420
-0.526439689100
-0.147873520851
-0.805158950388
-0.574327854440
0.496772424318
0.857329832390
0.134917440824
-0.111027047969
0.524250608869
0.844295145012
-0.961013855413
0.273303423077
-0.041923823766
0.281783091836
-0.437254253775
-0.854053280316
0.165588281117
0.712719088420
0.681624544784
0.337839417160
-0.275477354415
0.899987085722
-0.436683739536
0.612358018756
0.659033357166
0.887056300417
-0.427067648619
-0.175340644084
-0.904882821254
-0.304911454208
-0.297011925839
0.499292653985
0.585300872102
0.638850321993
0.842112862505
-0.222723686136
-0.491161974147
-0.752180994488
-0.251085138880
0.609245437197
-0.922055267729
-0.228299043141
0.312559800223
0.010980628431
0.916223486885
0.400517098606
-0.543990809470
0.001180454157
-0.839090343565
0.468897899613
-0.603525220416
-0.644896943122
-0.610814716667
0.538522320800
-0.580430090427
0.680142256431
-0.721838915721
-0.127887017094
-0.357974667102
0.852903746068
0.380012284033
0.714544890448
0.698029064573
-0.046701430343
0.408692295663
-0.559816372581
0.720816367306
0.984561223537
0.167628438212
-0.050397450104
-0.049741976894
0.207224186510
0.977028081194
0.610048703849
-0.317549071275
-0.725949835964
0.365201741457
-0.928777695633
-0.063243014738
-0.395012529567
0.315216165036
0.862904322334
-0.516701892950
-0.537094348110
0.666744939052
0.179543788545
-0.743365272880
-0.644338496029
0.356316374615
0.833297183737
0.422675340436
0.781059785746
0.374825272709
0.499451322481
-0.111019117758
-0.918119025417
0.380436866544
-0.106521291658
0.393328776583
-0.913206267171
0.008598455228
-0.999739972875
0.021119957790
0.114666791633
-0.935217859223
-0.334991165437
0.130498871207
-0.783232765272
0.607878671028
0.482710223645
0.249502204359
-0.839487634599
0.886682489887
0.439626213163
0.143258344382
-0.571292176843
-0.309182999656
-0.760283579119
-0.154891471379
0.763504556380
0.626952488907
0.406589111313
-0.098441259935
-0.908292139880
-0.090962230228
0.862072269432
-0.498555186205
0.859351960942
0.449940250255
-0.243039045483
0.946489325725
0.108145692386
0.304076410830
-0.840050643310
0.433569810353
-0.326086085290
-0.306618906558
-0.027804376557
0.951426172629
-0.409463519230
0.777556919493
-0.477226217277
0.218562408350
0.428753644228
-0.876584727317
-0.889870733023
-0.453369611874
0.050853448920
0.074015986174
0.675364843570
-0.733760152012
-0.173837342300
0.979790199548
0.098953235894
0.552872871980
-0.035724318586
0.832499464974
0.277513822541
0.087341736071
0.956743172370
-0.663964742795
-0.736559670419
0.128959960304
-0.970834512264
0.085997730494
0.223796200007
-0.336664435454
-0.934442060068
0.116082268767
0.977874917910
-0.185979308560
0.095772335306
0.236996543594
-0.931870434433
0.274681869894
0.412093287334
0.894137777388
-0.175204897299
-0.054340649396
-0.544151887298
-0.837225069292
0.270756381564
0.835049315356
-0.478940101340
-0.456635461189
-0.783347385004
0.421723758802
0.837671799585
-0.524071772583
0.153800947592
0.077177803032
-0.518640613183
0.851501908153
0.189086682163
0.975338995457
0.113842298277
-0.287530201487
-0.274901709519
-0.917472305708
0.875183479860
-0.251217993908
0.413453013636
0.790239845403
0.035952534527
0.611742103472
-0.638424364850
0.727351742797
-0.251741474494
0.016405461356
-0.166196564212
0.985956165940
-0.936792723835
0.073426264338
-0.342093518935
-0.383337516338
-0.576488907449
-0.721604383551
-0.747361953370
-0.536871026270
0.391432765871
-0.849757233635
0.079580299556
0.521133014001
0.713171571493
0.386452957056
-0.584842218086
0.709443763830
-0.549183035269
-0.441687148996
-0.240653843619
-0.400939817540
0.883930420503
0.705905201845
0.028721055016
-0.707723777741
0.674839607440
0.660363912582
0.329410088249
-0.623617588542
0.063467258587
0.779148900881
-0.213759195991
0.065649023280
-0.974678003229
-0.657354985364
0.658730079420
0.366004240699
0.969537928700
-0.110276709311
-0.218712712638
0.559074386954
0.281264212914
0.779952736571
-0.803563144058
0.594722877257
0.024309924804
-0.478990972973
-0.756548416801
-0.445198989473
-0.202316930518
-0.706058518961
0.678637772799
0.582430579700
-0.790193073452
0.190707957372
0.049741980620
-0.207224325277
-0.977028051391
0.434937449172
0.588248496875
-0.681757375598
0.431567437015
-0.766295476817
0.475963011384
0.052198932506
0.977441476658
-0.204654417932
-0.514149525203
-0.243825849146
0.822313333862
-0.278373322450
0.626210981049
-0.728263757192
0.444834204391
-0.808650745079
-0.384975976311
-0.684006753378
0.381334111094
0.621867393143
0.612243315205
0.685994566418
-0.393153375946
-0.530506196432
0.844558689743
0.072689708322
0.240117810667
0.427924187854
0.871334794909
-0.314863937907
0.926512426697
-0.205998595804
-0.750739014708
-0.623952955939
-0.216964603402
-0.868777173571
0.387153453194
0.308769211173
-0.993570104241
-0.107917970046
-0.034236801788
-0.222698621452
-0.943236465566
-0.246394585818
0.145879250020
0.128367647529
-0.980938831344
0.687613531947
-0.558091490529
0.464458305389
0.654554721899
-0.304174044169
0.692124457099
0.896952034906
0.140429613180
-0.419233310968
-0.795334936120
-0.131359701976
-0.591765972786
-0.749226230197
0.221268076450
-0.624259956181
-0.450495379046
0.328443391249
-0.830167965032
