0.490221834742
-0.641535202973
0.590012826025
0.129008687101
-0.761560780928
0.635123558342
0.850080735981
0.526589104906
-0.008164261468
-0.397927523591
-0.133893454447
-0.907593646087
-0.274059792049
0.228517685086
-0.934168558568
0.726077480242
-0.569092468359
-0.385934260674
0.882524120621
-0.468791135587
-0.037229648791
-0.645475345664
0.161805375479
-0.746445307508
-0.131963588297
0.483130882494
0.865546163172
0.619247105904
-0.784146288410
-0.040590871125
0.518258965574
0.391355342232
-0.760426616296
0.472284781747
-0.586036269553
-0.658413680270
-0.101402135566
0.971193165518
0.215641926974
-0.100913523696
-0.512342810631
0.852831345983
0.794255929999
0.455393597484
0.402211620472
0.737686732784
-0.599339651875
0.310821917839
0.155300098471
0.303410111926
-0.940119238570
0.661551797763
-0.267724086531
-0.700480571017
-0.267998798750
-0.743501153775
-0.612684810534
0.284324246459
-0.355751967058
-0.890281000175
-0.647116300650
-0.614804053679
-0.450839734636
-0.411942625418
-0.894538795575
0.173503934406
0.775012129918
0.114203536883
-0.621541430242
0.497317483649
-0.050307225436
0.866108828224
0.900503664277
-0.202994955704
-0.384559744038
-0.400618015788
0.827159055509
0.394097832032
0.951855766587
0.192800913937
-0.238324160688
0.809606030583
0.069698788226
0.582820858806
-0.100399310701
0.788392943330
0.606923836283
0.964045315050
0.177176954225
0.198052912019
-0.160300243646
0.812996199355
-0.559768711217
-0.894892877899
-0.356646277942
-0.268272563815
0.520541599020
0.659225340933
0.542640203610
-0.110550856218
-0.444371668622
-0.888995122164
-0.124376329593
-0.991411927156
-0.040409388952
0.202957811765
0.901948053390
-0.381179530174
-0.148513699882
0.971174376085
-0.186451095156
-0.497472339310
-0.478134592995
0.723815294914
-0.998822462745
-0.042382230051
-0.023610014468
-0.707966357470
0.630027362145
0.319138148800
0.396130589768
-0.833759849891
-0.384610280395
0.399372493848
-0.863703131676
0.307438627817
0.565882757306
0.341493921354
0.750438941643
-0.466598618776
0.539070388302
-0.701205279678
0.692277840339
-0.323927235790
0.644843032584
-0.508708759211
0.781773732975
-0.360617840663
0.018107938580
-0.067670198157
-0.997543405741
0.490578206256
0.693744008429
-0.527306620963
0.000900832936
-0.924091257155
-0.382170820609
-0.647567582317
-0.667918461375
0.366798519157
-0.480682752095
0.876257742755
0.033413445577
-0.411450194195
-0.875093421899
-0.254794504493
-0.131077242084
0.131938818842
0.982553257607
0.578056483530
0.794278682210
-0.187008222565
-0.680246930569
-0.081298444420
0.728460482322
0.250122920610
-0.967425309122
-0.039074223489
-0.906445310451
-0.396638898179
0.145032694563
-0.760551552288
0.450841792859
-0.467229079455
0.239636388607
0.878679770976
0.412911926396
-0.763472190127
0.298901263624
0.572510478087
-0.463664935902
-0.467863891274
-0.752408269793
-0.786823011003
-0.356378988363
0.503888444044
0.992870652117
-0.115524727851
-0.029358217493
0.228661605157
0.611151264980
0.757765135728
-0.925531109795
0.324094207026
0.195844605565
-0.330717721954
-0.178791971877
0.926638666540
-0.900029361248
0.038204587996
-0.434151535854
-0.937900971621
0.300470118411
-0.173376681283
0.196410629898
0.660823242739
-0.724386295304
0.917475572787
-0.231309272349
0.323627243750
0.098578982055
-0.159772676416
0.982219361700
0.124605554156
-0.706951013766
-0.696199482307
-0.122594785877
0.544335601851
-0.829860993661
-0.282545953058
-0.777805994265
0.561413944699
0.590728635900
0.782572483644
0.196519678459
-0.774292360991
0.627632705495
-0.080922964960
-0.470835636370
0.224837774411
0.853089547716
0.225046450272
0.247938342392
0.942274202593
0.770064358599
0.481939589605
-0.418013294227
-0.004889398813
-0.950357640162
0.311121276580
0.442213397473
0.016977806576
-0.896749164909
0.319848991930
-0.434690224007
0.841867584735
-0.729213216342
-0.236557512544
-0.642097054981
-0.472556814551
0.576624005102
0.666479416192
-0.924796610139
-0.030191228725
0.379262071103
0.249578264542
0.968300018460
0.010284087621
-0.718461357057
-0.693730996922
-0.050503268838
