0.423564511351
0.832046310417
0.358178783208
-0.406256759539
0.904571320862
-0.129252346233
0.149030442350
0.659771777689
0.736539969221
0.749802930281
0.423081034794
-0.508721929975
0.004131247289
-0.087737186812
-0.996135090478
0.210840474814
-0.930250329897
-0.300300876610
0.143650281243
-0.629987934604
-0.763203641400
0.320689221844
-0.636671014130
0.701290554367
-0.157934855670
-0.803291478194
0.574264208786
-0.088329490274
0.440413191915
-0.893439489417
-0.839604704641
-0.195342829451
0.506858084351
-0.141019906849
0.921406704932
0.362109193578
0.094632816501
0.192047192715
0.976812420413
-0.229798745364
-0.971976334229
0.049543331377
0.282387532294
-0.921463731676
0.266761825420
-0.742681988515
0.291416920722
0.602909314446
0.944457001053
-0.323660569265
-0.056963220239
-0.967156668194
0.209716080688
0.143621526659
0.815215794370
0.492794814520
0.304263828322
-0.950760327280
-0.308799816296
-0.026409710757
-0.568303775042
0.555245897733
-0.607233736664
0.527337410487
-0.163337265141
0.833808246069
0.341710412875
0.724041490816
-0.599164344370
-0.653323709033
-0.684571873397
0.323310191743
0.901955413632
-0.017700071447
0.431466264650
0.971447142772
0.220779676922
-0.086872211657
-0.738782593049
-0.389687496237
-0.549858104438
-0.430001675151
0.022202878259
0.902555034496
0.432683494873
0.246884354390
-0.867083102465
-0.528281006962
0.068659147248
-0.846289015375
-0.646151607856
0.693635845557
0.318366788328
-0.663158605807
-0.729884945787
-0.165796951391
0.648302268237
-0.760763673112
-0.030705070123
-0.329006794840
0.550608578138
0.767192753963
-0.331288156100
-0.426800181158
-0.841480695643
-0.008421721868
-0.342758570798
0.939385775477
-0.901011818089
0.112378188409
-0.418985495344
-0.134174104780
0.830876840279
-0.540037946776
0.469446839765
-0.256808362901
-0.844789398834
0.640620090999
-0.590078195557
-0.491338601336
-0.804616860114
0.570676380768
-0.164073687047
0.836922885850
-0.073744403198
-0.542330015451
0.660436183214
0.739643567242
-0.129427356645
0.729584251530
-0.533251604997
0.428193348460
-0.476567781530
-0.457689592615
0.750602015294
-0.299695285037
-0.815153900534
-0.495688262396
0.577502116561
0.367693203501
0.728898492642
0.159978177398
0.980819959193
-0.111351649277
