-0.754241184331
0.071347300895
-0.652709580958
0.571881948039
0.464881862514
-0.675896360539
-0.931526591070
0.327375755645
0.158377153799
0.248027267866
0.462557837367
0.851189003326
0.878341913223
0.478014953434
0.004145797342
0.412018353119
0.728411159478
0.547410319559
0.685668504797
0.050578210503
-0.726154629141
0.938198760152
-0.336517493241
-0.080864466727
-0.415525194257
-0.782642778009
0.463475018740
0.360334207304
0.775386470370
-0.518589508720
-0.025190721266
0.879854278639
-0.474575468339
0.925650736317
-0.229770787992
0.300626177341
0.198972739279
-0.521912718192
-0.829467878677
0.683124857023
-0.499766376801
0.532516662963
-0.025356026366
0.117627280764
0.992734049447
-0.403495313600
-0.068519518711
-0.912412519567
0.738190514967
-0.594382268377
-0.319036802277
-0.677129529417
0.507037624717
-0.533299583942
0.631431643851
0.348278438672
0.692817585543
-0.506819026545
-0.477688095532
0.717599160969
0.157823367044
0.950759674422
0.266735496931
-0.441642635502
-0.672624270432
-0.593740996905
0.167794675566
-0.977090867236
0.130913648754
-0.371997991577
-0.888093850575
-0.270012601279
-0.309837877750
-0.198981886730
0.929734745063
-0.999259673990
-0.031325715594
-0.022333901376
-0.278726033866
0.636442232877
-0.719203087501
0.668043820187
0.686404388398
-0.287343815900
0.015440327115
-0.129653229378
-0.991439173929
-0.643481599167
-0.343676283024
-0.683972252533
-0.503610726446
0.863594137132
0.024112277664
0.064212203957
-0.966069573537
-0.250172682106
-0.764532582834
-0.490312074311
0.418430398218
0.398632591590
-0.174048721790
-0.900443834253
0.614530997351
-0.413327602670
-0.671946384944
-0.126805061474
0.989771005698
-0.065374547616
-0.008945215493
0.770164680667
0.637782366015
-0.153349139728
0.471533162519
0.868412641808
-0.928193619475
-0.081783539616
0.362998698838
-0.697470216081
-0.121674074791
0.706208691932
-0.690782713704
0.651879352517
0.312845889479
-0.923182316124
0.244641029276
-0.296454342082
0.312965825200
0.217825269327
-0.924448236823
0.286011796445
-0.639224820770
0.713854942471
0.482843079604
-0.309928725474
0.819027926773
0.485252492130
-0.868625481613
-0.100098899566
-0.905062001199
-0.211621368304
-0.368889100850
-0.437124937773
0.822264179587
-0.364422017708
-0.230824530125
-0.456743778661
-0.859130465426
-0.452964111231
0.609278999269
0.650847611949
0.293326810934
0.943007187918
-0.157152230851
-0.109610787593
0.280728355050
-0.953507767990
-0.055960514583
-0.792101062834
-0.607819319703
-0.633981028572
-0.768904265016
0.082790616900
0.996702532284
0.065257211216
-0.048224037513
0.867979483679
0.293353558518
-0.400693528354
0.887973122299
-0.160512802191
-0.430974910036
-0.770439282060
0.294248232618
0.565545125864
0.378617454320
-0.769457207061
-0.514377710409
-0.777973319404
0.614441658370
-0.131221041083
0.450700466521
-0.817676015198
0.358155026101
0.765408268198
-0.629680790938
0.132861890830
0.568340582773
0.813106161542
0.125886260532
-0.730184834450
-0.606896163896
-0.313858491369
-0.235714937560
-0.965010467917
0.114861930721
0.395287160762
0.065745389089
0.916201725602
0.142975758761
0.590937606059
-0.793946268037
0.912565933540
0.196371276863
0.358694490977
0.739720968530
0.558781395666
0.374934979714
-0.137054035440
-0.602972200140
0.785901213065
-0.460786383599
0.204380144365
0.863657724112
0.750660747290
-0.064070825465
0.657573851757
-0.285412429832
0.891309886239
0.352287426591
-0.482843072154
0.309928734787
-0.819027927704
0.009921166115
-0.874022482894
0.485784178600
0.108118317090
-0.289719327353
0.950985351577
-0.906654151157
-0.420476517640
0.034318307415
