0.587658162229
0.690031306818
-0.422509973869
-0.295336944051
0.894168187864
-0.336510534398
0.722271888517
-0.662331184372
-0.199099773541
0.736098517664
-0.069844563492
-0.673261247575
-0.371556707658
-0.754273754545
0.541310183704
0.515473756008
-0.573224473745
0.636946236715
-0.008947688155
-0.571877116337
-0.820290498435
0.012029478326
-0.997701159678
-0.066690973006
0.379116662778
0.881421573460
0.281720720232
-0.928795292974
0.361234852113
-0.082756778225
0.442290416919
0.316131114028
0.839309421368
-0.777801310644
-0.575146579184
-0.253439405002
-0.179872970097
-0.095509675331
0.979042192921
-0.626913151704
0.101244802587
-0.772482614033
0.974593828432
0.130258474499
0.182207570411
-0.407981642522
0.695821509697
0.591086630709
0.077872091904
0.326102650724
-0.942121541128
-0.850199132226
-0.096505931579
0.517540374771
