-0.461156106554
0.328222380951
-0.824381654151
-0.744403811172
0.534849512391
0.399748625234
0.299270018004
-0.938512889668
-0.172136606649
-0.079817885533
0.614138283767
-0.785151750781
-0.081997835077
0.117072546855
0.989732475020
-0.475108142011
0.419039028697
0.773743202910
0.965054399334
0.024662876502
0.260886466131
0.621502828784
0.756265462376
0.204442613758
0.749996847473
-0.610046002083
-0.255633728579
-0.686030156910
-0.428002154455
0.588367893361
0.104734136723
0.883183598518
-0.457184307277
0.915364944376
0.401652813889
-0.027964892797
0.421598205343
0.653374761343
0.628773706034
-0.962020891719
-0.019584557973
-0.272272376344
-0.204483453184
-0.977878649719
0.044043870643
-0.424447158352
0.766396895982
-0.482162220404
-0.089492281899
-0.878491662443
-0.469301107340
0.404526090249
0.246276608668
0.880742001347
0.404311777093
0.551352017559
-0.729755396023
0.264093434438
-0.265738583170
-0.927166469395
-0.834839454852
-0.464610249735
-0.295263270847
-0.955177797005
0.289827668108
0.060293435119
0.593548084609
-0.787393311970
0.166470545344
0.175756684504
-0.920175818726
0.349837175570
0.393546386622
-0.680963400751
-0.617584072053
0.618152496405
0.718670894392
-0.318433094770
0.282360413112
-0.247771268710
0.926758864895
-0.673058937304
0.738845832646
-0.033143637702
-0.516021045856
-0.811445677653
-0.274368712679
0.778452130035
0.370213639922
0.506906442344
0.279516938142
0.958919144236
-0.048418542370
-0.019864656031
0.602303089574
0.798020289280
0.050274631940
0.209659722634
-0.976481060497
-0.280936794356
-0.154146518558
-0.947266260162
-0.369226684794
0.821400184184
0.434710698202
-0.682770185173
-0.712078090757
0.163614382036
-0.726132232696
-0.084863062017
-0.682297765277
0.816937017255
0.267381544225
-0.511000017636
0.101720632054
-0.665575550869
0.739366010763
-0.952014610171
-0.254531845450
0.169946229085
0.111997434869
0.916166976094
0.384830671363
-0.217855377123
0.975083325990
-0.041851402260
0.515277050436
0.114853014238
-0.849292850122
0.970350544900
-0.124023917131
-0.207455744036
-0.320547992364
-0.790964453481
0.521175801754
-0.048493333161
-0.572168301791
-0.818701306358
-0.845160747878
0.080614194274
0.528398203664
-0.236423111521
-0.395790020004
0.887386257760
-0.798036281951
0.412490917370
-0.439305514097
0.722740899771
-0.267030800693
-0.637448147871
0.726643157192
-0.122756865807
0.675958927721
0.544051068835
-0.584694379009
0.601781453006
-0.496274051256
-0.546623095870
-0.674474058673
0.877338430844
-0.420136604458
0.231867441908
-0.525146051310
-0.043270356022
0.849911347963
