0.560814755037
0.300513834693
-0.771477960981
-0.022015541792
0.193287747912
-0.980895081535
0.979418611154
-0.031836275943
0.199312906712
-0.090699308552
-0.787319314666
0.609837626107
0.669952925295
0.595461145975
0.443383693695
-0.674701624550
-0.002891570330
-0.738084924407
-0.395116053522
0.297434300184
0.869146788493
-0.868363197893
0.453522927128
-0.200654703192
-0.963027019054
-0.197628796101
-0.183089648373
0.616242604330
-0.579379210249
0.533446137793
0.669476711191
0.009219748899
0.742775826715
-0.032773016952
0.843721405603
0.535779915750
0.323323994875
0.946213006973
0.011938932352
-0.907385502011
0.062059354968
0.415692416951
0.904517976567
-0.056389212608
-0.422690767795
-0.432602487504
0.602066664025
-0.671096728183
0.802023192868
0.558595308103
-0.211494864896
-0.590947364457
-0.664463296533
-0.457460095175
0.106883469038
-0.253451491706
0.961425120942
0.134885543957
-0.850288633257
-0.508738763630
-0.326596575789
0.937686783262
-0.118651473895
-0.645108669065
0.661385226063
0.382628261112
-0.276025068015
-0.961149170995
-0.001559273340
0.761743315496
-0.619993995875
-0.188028098084
0.317844909616
-0.940887876786
0.117066715844
-0.736114358529
-0.623941663653
0.262359390035
0.225548143499
0.394099505618
0.890962184407
0.464538590051
-0.353286648169
-0.812029828317
0.195160499774
0.780096486211
-0.594442469999
-0.520910361782
-0.326598379761
0.788660821505
-0.182681247592
-0.421010998078
-0.888469076715
