0.879568777978
0.409896194935
0.241544765420
-0.568165172823
-0.593874710612
-0.569650034420
0.231039931066
-0.903034751303
-0.362144704908
-0.545935158618
0.533270756714
0.646202058531
-0.480547302403
-0.330219207332
-0.812422035262
0.753819983453
0.321210316382
0.573218425736
0.554381408729
-0.774870838970
-0.303704519756
0.330356230028
0.753837091848
0.567973941565
0.130027508363
-0.959961226210
0.248127566651
0.357442774810
-0.932512316853
-0.051530958153
-0.855361075141
0.462712571025
-0.232925965451
-0.089775909670
0.272512470372
0.957954715937
-0.552184654400
0.758602041751
0.345854085870
-0.437508778647
-0.342561350204
0.831407113001
0.745477182791
0.660239647143
0.091363982297
-0.580804197118
0.276279330254
-0.765725939535
-0.931492180564
0.354522453621
0.081462548114
0.297320197336
-0.796258569695
0.526851961389
-0.708104938269
-0.614815033041
0.347260521725
-0.091885050759
0.995681205764
0.013269254938
0.664940188639
-0.539198846556
-0.516835707240
-0.150034459308
-0.298625788651
-0.942503208295
-0.336277022958
-0.931970002130
-0.135460983962
0.709854584187
0.647830305621
-0.276445950381
-0.774022052996
0.505742760375
0.380938473158
0.016751940362
-0.997686730698
-0.065882916562
-0.232881564647
-0.637263754383
0.734616282396
-0.903959966265
-0.333143273368
0.268089422025
-0.341513353400
-0.806227363646
-0.483079772443
-0.395325674675
-0.012731135823
-0.918452790007
-0.731888265349
-0.326964647509
-0.597857578658
0.440858441405
-0.418699553236
-0.793936091475
0.438064737245
-0.865084890276
0.244391932152
-0.137988156639
0.809745449573
-0.570325848646
0.797527128831
0.044130923226
-0.601666800678
0.208885051310
0.762060887180
-0.612886806950
-0.324791475199
0.751433578320
0.574332719669
0.049974421039
-0.049525563605
0.997521816753
-0.450949483551
0.891406517476
0.045155095868
-0.290708483197
0.921019668691
-0.259251512587
-0.218055769801
0.550778036006
0.805664467625
0.971061844379
-0.229965598322
-0.064457092434
-0.556420625187
-0.823555886745
0.110235147178
-0.695441377349
-0.036350944079
-0.717662801966
0.357425792143
-0.702430118807
-0.615498764440
-0.837730578147
0.214782037772
-0.502071861178
-0.963957100175
-0.252152319066
-0.084887662902
-0.987680227496
-0.006748253480
0.156340101734
0.403455764987
0.845184329897
-0.350552268326
-0.088709924370
-0.931487401947
-0.352791393176
-0.728534596041
-0.340537259355
0.594366651028
0.361980811693
-0.049679946154
0.930860781111
0.820583788678
-0.538337733597
-0.191923757084
-0.221881304868
0.920904127881
0.320475071669
0.464321836829
0.848517069593
0.253818860278
-0.262582078576
0.307842232287
-0.914485544898
0.533250956796
-0.064947748557
-0.843460257165
-0.401286846958
-0.804257602431
0.438336143270
0.469190586358
-0.547201637179
0.693130983971
0.210463484749
-0.207660394721
-0.955291725695
0.130218929611
0.941576576792
0.310606793500
-0.617661772296
-0.048687172122
0.784935343079
0.250398471951
0.967803253792
-0.025641093962
0.629460528493
-0.668412789702
0.396237030625
0.062413678505
0.945081345737
-0.320820480585
0.541467157193
0.838202594779
-0.065036340617
0.940569346771
-0.183238609694
0.285924665630
-0.902314819396
0.218780619092
0.371433717199
0.920618141070
0.126598567702
0.369371141307
-0.252937850542
-0.593820142560
-0.763806310482
0.804251437075
0.367071489803
-0.467373668216
0.907629084773
0.402378628962
-0.119586292654
0.762186530046
-0.388415229507
0.517885413952
0.006617334671
-0.781395623460
-0.624000872485
-0.219126709737
-0.955318683758
0.198367577977
-0.438180398196
0.265121442266
0.858899620362
-0.444073562510
0.751699554734
-0.487592501566
-0.747758187354
0.660674352199
0.066083981656
-0.010390401818
0.796466297470
0.604593644850
0.581692053005
0.141453108750
0.801015213132
0.700714172795
-0.261282617226
-0.663875771686
0.591124931350
0.284496904351
-0.754740237258
0.798267542385
-0.048236364499
0.600368372165
-0.625396861695
0.745092933066
-0.231765583158
0.252080050297
-0.351061345078
0.901782445610
-0.861134051345
-0.062037439086
0.504578537308
-0.977053391747
0.116906560957
-0.178043600172
0.580011982471
-0.233507282101
0.780423249118
0.853805860505
-0.492059218697
0.169980224222
0.056688544340
0.327251893468
-0.943235180341
-0.046707460657
0.024905031547
-0.998598093167
-0.527708220296
-0.578574999236
0.621912375093
0.105996944010
-0.532350965776
-0.839861355722
0.312815723941
0.489261012524
-0.814106862061
-0.615771831013
-0.749577773735
-0.242813122459
0.661526014097
-0.749147308059
0.034082870930
0.954777310602
0.078931993805
-0.286653144285
-0.815463956445
-0.578648984432
0.013560464606
-0.901935890317
-0.122713283636
-0.414068954065
0.647967506200
0.620548941195
0.441652714275
-0.376813787967
0.566985894926
-0.732487789355
-0.057490791194
-0.852187993005
0.520067718811
0.477602615021
0.478766204789
0.736667267047
-0.673650367185
0.520363592543
-0.524801784195
0.133705960587
0.556436925195
0.820061377250
-0.038279529661
0.591466265731
-0.805420593359
-0.292722690850
-0.043701433577
0.955198204145
0.992905438878
0.105346702971
0.055143998936
-0.820303319953
-0.473911917768
-0.320171760395
-0.099676581100
-0.365250093862
0.925557641312
0.544757530093
0.603476038203
-0.582285069861
0.260942074470
0.258476085030
0.930107168853
-0.723732405342
0.246534935199
0.644540091045
0.306321909651
0.142173648812
-0.941251050681
0.881911334582
-0.255145051517
-0.396400553174
0.111164811067
-0.631877141073
0.767055188306
