-0.464115403593
0.660128147341
-0.590616390109
0.752982500009
-0.116940393113
0.647566443309
-0.675619554706
-0.008908147924
0.737196622416
-0.640973144211
0.751476112753
-0.156323634088
0.784020645544
-0.460573246703
0.416153708473
-0.918847722001
0.068576212041
-0.388607983477
0.523438232020
-0.842169070616
-0.129474601708
-0.007927595638
0.883972747251
0.467471212149
-0.250899389386
0.921637858264
-0.296028972603
0.231045125052
0.429471812211
-0.873024690896
0.400288067758
-0.756671142764
-0.516931564547
0.965048043057
-0.142083338462
0.220214890316
0.873349892907
0.248822554946
0.418744910508
0.635477531701
0.575682860799
0.514545964077
0.174986040220
-0.800855821930
0.572721430101
0.771442157216
0.551745561883
-0.316944523714
0.093612003140
-0.946018091403
-0.310300759971
-0.245698126033
0.400270180777
-0.882845520042
-0.891883282922
-0.167728037573
0.420013706200
0.745117207058
-0.144835519604
-0.651016911492
0.778591077775
0.614654228091
0.126475736499
-0.364478182048
-0.060131299309
-0.929268465377
-0.594544646330
0.427973275073
0.680702239275
-0.857126564719
-0.489700203761
0.159774092957
-0.715900476091
0.643132198602
0.271785727702
0.406908601522
-0.012882066891
-0.913378038444
0.735335639678
-0.529922092333
-0.422450082377
-0.998085697182
-0.050361448899
0.035897980444
0.410265368409
0.857971238904
0.309140224941
-0.318330800161
0.179444421083
0.930841125548
0.014585166238
0.096586384811
-0.995217735879
-0.646706350148
-0.750206679106
-0.137698343955
0.181756746024
-0.974990091287
0.127901548520
0.077982438728
0.996052805334
0.042397500016
-0.156993341632
0.576820913702
0.801642515697
0.433641923591
0.694505004212
-0.574123226106
0.391243346035
-0.126585914753
0.911539713852
0.147773871198
0.282862166874
0.947708751075
-0.264611257240
-0.963441538624
-0.041967638768
-0.635851334780
0.238072795793
-0.734176016413
0.955050825141
-0.193432142958
-0.224637322128
0.891883281991
0.167728062719
-0.420013698749
-0.275566490367
-0.681686361320
0.677766045555
-0.362929853611
-0.293919341639
0.884247330017
0.631640807725
0.315709627233
-0.708065900952
-0.309320954606
-0.828537169844
-0.466740510426
-0.400288063101
0.756671153940
0.516931551509
-0.885908196680
0.246784384362
0.392764730379
0.563588352874
0.266043164767
0.782041687518
0.075611084700
-0.483056491241
0.872318399139
-0.346884013154
-0.488774068654
-0.800481973216
-0.353351201862
0.924955376424
0.140001706779
0.833435374312
-0.552439250983
0.014012464322
-0.892785050906
-0.362032677047
-0.268080570735
-0.547252563760
-0.782169864513
0.297867306508
0.501052236184
0.855676975101
-0.129474200308
-0.922013173811
0.385876915418
-0.031475573778
0.490306113847
-0.511757105589
0.705481805839
0.039862192236
-0.697953346185
-0.715032958426
0.277386378497
0.642517757602
0.714302265085
-0.784020652063
0.460573216900
-0.416153729893
-0.031089737080
0.735271066427
-0.677059736103
-0.159940250218
-0.920026446693
0.357729580253
0.038854955696
-0.315473430790
-0.948138600215
-0.707484657876
-0.200458441861
-0.677703379653
0.159940236248
0.920026455075
-0.357729565352
0.971320542507
0.237078640610
-0.018169231713
-0.657831531949
-0.464080655947
0.593200488016
0.436469208449
-0.440791868605
-0.784345049411
-0.014585159719
-0.096586375497
0.995217736810
-0.635477519594
-0.575682885014
-0.514545951039
0.540028724819
-0.780910206959
0.313923913985
