-0.925332953222
0.266076126136
0.270115568303
0.417642408982
-0.689611414447
-0.591617202386
0.215913564898
0.676155446097
0.704411203973
0.990899839438
-0.014334043488
0.133835880086
0.742510858923
-0.667297269218
-0.058240684681
-0.460220110603
0.600558641367
0.653855309822
0.289324047044
-0.850152901374
0.439922309481
0.706332081929
-0.428121271543
0.563743882813
-0.184307608753
-0.716732785106
-0.672550978139
-0.618776253425
-0.759900165722
-0.199167478830
-0.272609023377
0.319900980219
-0.907385079190
-0.189581083134
0.838430126198
-0.510973516852
0.703947846778
0.650552526116
0.285024276003
0.623211974278
0.142480140552
0.768964396790
0.010420665145
0.981057947502
0.193434000015
-0.572847960517
-0.123802412301
0.810258091427
0.415491417050
0.861257662065
-0.292578401044
-0.599559354596
0.799833316356
0.028200101107
-0.782513145357
0.409594080411
-0.468941217288
-0.953183665872
-0.170940899290
-0.249439586885
0.098281653598
-0.412155088037
0.905797382817
0.382467137650
0.430882722139
-0.817348742858
-0.857478402555
-0.405688536353
0.316461054608
0.040159949102
-0.994150886312
-0.100255640224
0.792730839923
-0.158494457603
-0.588606252335
-0.031975706108
0.194472810254
0.980386597104
-0.366401214153
-0.787429175340
0.495686838403
-0.585747214966
-0.242424344644
-0.773389058188
0.847857387736
0.418040484190
-0.326159472577
0.147957276553
-0.199659672566
-0.968630299903
