-0.083158376627
0.924151744694
0.372864902951
-0.116209060885
0.311441685073
0.943132827058
0.806206767447
0.036719706841
0.590493276715
-0.363362659700
-0.912147463299
-0.189616935328
0.041530162096
-0.919396217912
-0.391134043224
-0.989841097035
0.069216223434
0.124192254618
-0.419976999052
-0.114326415583
0.900304831564
0.372924964875
0.845445717685
0.382293744013
-0.867222112603
-0.437180367298
0.238325685263
-0.051626307890
-0.990463478491
0.127737313509
0.796956345439
0.027057706378
-0.603430577554
-0.721763964742
-0.657976833172
-0.214763276279
0.982969443314
0.028996875510
-0.181466948241
-0.705664831214
0.465257701464
-0.534389759414
-0.559022955596
0.805171568878
0.197969892062
-0.020152395591
0.876375280321
-0.481207072735
0.649986711331
0.519139431417
0.554987858981
0.152751770802
0.656455243938
0.738737712614
-0.315020672046
0.572237492539
-0.757169879973
0.856643014587
-0.397137374617
-0.329309353605
0.104241168126
-0.636385047808
-0.764295655303
0.363347316161
-0.843925881200
0.394674337469
-0.108516505919
0.176376503892
-0.978322797455
0.363801529631
-0.929607925005
-0.058970763348
0.246677035466
0.968181260861
-0.042136509903
0.686647442169
0.723976513371
0.066130910069
-0.204590184614
0.977029296570
-0.059637313709
0.733904230408
-0.677232451737
0.052352516912
-0.718309489079
-0.328396293335
-0.613341137767
-0.367138768546
0.666417959146
0.648919275962
0.264017626643
-0.578319826163
0.771907294169
-0.799718210474
0.435460775159
0.413309442811
-0.175044608302
-0.486583165824
0.855918341316
0.703806939535
-0.486843336374
0.517338724807
0.175081836991
0.566158385016
-0.805488070473
-0.817150749266
-0.070630071685
0.572080452926
-0.942139642313
-0.277015708387
-0.188772853464
-0.574863289483
0.109532574192
-0.810885203071
0.399920135736
0.253590033390
0.880770104937
0.551027320325
-0.361114483327
-0.752306600101
-0.910728592426
0.104039871134
-0.399686296470
-0.308524467051
-0.308857277967
-0.899677627720
-0.565929347649
0.280638791621
0.775219866075
0.138322411105
-0.231789805926
-0.962881298736
0.469641217962
0.782090011984
-0.409600215964
-0.507197228260
0.798370980658
-0.324583960697
0.599999225698
0.438037169166
-0.669420917518
0.514049511403
-0.732629331760
-0.446102410555
0.932592782192
0.299904202111
0.200818750076
0.845500230789
0.451570652425
-0.284979479387
-0.136978385039
-0.820092772134
0.555594065227
-0.376773045398
-0.698268044740
-0.608657381497
-0.529678511433
-0.813563663512
0.239905893803
-0.857547381893
0.508419131860
-0.078246236779
0.954099204391
-0.237813651562
0.182042232715
-0.578340716660
-0.520090875216
0.628512128256
0.400394420139
0.116563487798
-0.908898927271
0.080645252950
-0.127313217148
0.988578619435
0.510027451441
-0.199553950690
0.836690037511
