0.997234713286
-0.073708905838
-0.009482722729
-0.214772171341
-0.743748938665
0.633016926236
-0.455117042176
0.212802384049
0.864629182033
0.125349406153
-0.236265272833
-0.963569534011
-0.757744293660
0.541108970530
0.364725466818
0.938354999758
0.126312142238
-0.321768762544
-0.900967237540
-0.102368189022
0.421638221480
-0.951103393920
0.220897499472
0.215885680169
0.889521635137
-0.456715829670
-0.012724424712
-0.212010357529
0.296735707670
-0.931128093973
-0.573022468016
-0.675816997886
0.463591020554
0.148194230162
0.463564760052
-0.873582384549
-0.061806272715
0.813006133772
0.578965465538
0.896578712389
-0.255816310644
-0.361530947499
0.304835384712
-0.949131760746
0.078894153237
0.728914609179
-0.605054980144
-0.320299799554
-0.441405461170
-0.449349986389
0.776689002290
-0.216077289544
-0.902913884260
-0.371560386382
0.028754036874
-0.763250323944
-0.645462738350
-0.466548672877
-0.335805687122
-0.818270660937
-0.849250192754
0.527989407070
-0.001138273627
-0.570760894567
0.806226992980
0.155659999698
-0.525170502253
0.074015087448
-0.847772203386
0.448774873279
0.893609452993
-0.007953513414
-0.640734450892
-0.099792010151
0.761249575764
0.748145429417
-0.551019234583
0.369670418091
-0.086080710404
-0.457745808177
0.884906144813
-0.394953733310
-0.916645007208
-0.061428644694
-0.204542907886
-0.093976254575
-0.974336010404
-0.456487125717
0.744383347221
-0.487352987751
0.189855456352
0.940370190889
0.282238921151
0.464744168334
-0.134943044744
-0.875101840124
0.491640741937
0.253377563320
-0.833120153286
0.951732174493
0.298961857334
0.069481466897
0.296302614734
0.881225771271
-0.368301369250
-0.857843620703
-0.455640250817
0.237689467147
-0.424526710995
0.758271849714
0.494773556478
-0.325123028830
-0.899683018215
0.291316806339
-0.567602254450
0.485052239150
0.665245821700
0.261770910583
-0.408123591915
0.874591975473
0.147876275703
0.114278362133
-0.982381322421
0.496110828593
-0.133734014817
0.857898162678
0.292998876423
-0.505045663565
-0.811837751418
0.342085903510
0.219079409726
0.913773191161
-0.240790335461
0.548462004401
0.800755544566
-0.070743553340
0.231904523447
0.970162687823
-0.200898451731
0.951915862970
0.231292026117
-0.771818223409
0.496951112524
-0.396656299010
-0.284014122561
-0.121568628587
0.951082039624
-0.989602575079
-0.139747617766
0.034019796178
0.648228833452
-0.400709556416
-0.647480678745
-0.733827607706
-0.153417670168
-0.661785508506
0.737372356467
0.378487773240
-0.559489957057
0.857048974372
0.461506039836
-0.229083456099
0.655335769057
-0.752063363791
0.070254716091
-0.730504191481
-0.380463957787
0.567107398063
0.627439137548
0.710666629486
-0.318234298378
0.109001630917
-0.101930374280
0.988801720552
0.285098133609
0.758350667544
0.586193924770
0.758312443271
-0.008375714533
-0.651837468147
-0.662798532285
-0.743149064481
0.091801810078
0.126718703657
0.744861328043
-0.655075545423
-0.634858810343
0.750268733129
-0.184529446997
-0.859444452450
-0.488927227445
-0.149349917658
-0.539955332875
0.435865667649
-0.720048163086
-0.102351344191
0.895754869096
-0.432605381124
0.756313106045
0.651023826562
0.064486132935
-0.807667055167
0.175440741703
-0.562933808193
0.550547055900
0.755200362764
0.355767269619
0.519408520311
0.504378189333
0.689795208164
0.058956000023
0.995196733624
-0.078151458874
-0.326430551708
0.935301731341
-0.136578787118
-0.710300604813
-0.474467387423
-0.519955524243
0.453676860780
0.609222893603
-0.650403544307
0.136295512319
0.538741080090
0.831373309717
0.921042466536
0.085586605594
0.379941713065
-0.923293510452
-0.158722128719
-0.349766176194
0.793915646151
0.448120884597
0.410956953652
-0.202121878974
0.635089847259
-0.745525070466
-0.780812845565
0.212310279720
0.587584584020
-0.375253288075
-0.672832383774
-0.637559057213
0.441158457659
-0.798048024066
0.410485766828
0.171979067847
-0.708643334918
0.684286360629
0.483365471475
-0.847288429737
-0.220136630349
-0.590171623044
-0.746616900899
-0.307018985040
0.767256922089
-0.211301109754
0.605531712994
0.923357933760
-0.257218399085
0.285041787662
0.055151847191
-0.922119544819
0.382954066619
-0.116657765582
-0.485056154430
-0.866666886024
-0.961365892552
0.200169637799
-0.188964906149
0.531157016754
-0.512423496693
0.674755053595
0.695470266044
0.168184337206
0.698595115915
0.417683863081
-0.723746614531
-0.549300488085
0.156540160067
-0.936476046219
-0.313859510235
-0.057795955800
-0.998316765763
0.004823000170
