0.409137103707
-0.832236318849
-0.374151757918
-0.853116656654
-0.454462022521
0.256234732457
0.105590708554
-0.815532631241
0.568996598013
0.998302596621
-0.054076828994
-0.021624539047
0.482726655900
0.709634830244
0.513218648732
0.412252981216
-0.596247810870
-0.688865753822
-0.485140257515
-0.390660839155
0.782319013029
-0.162774992175
-0.306721273810
-0.937777351588
0.741445505992
-0.604606778361
0.291048455983
-0.280688091181
-0.868563752621
0.408425270580
0.068183677271
-0.562965977937
-0.823662729934
0.523035969585
0.732097813860
-0.436424294487
-0.405873734504
0.913726495579
-0.019245825708
-0.280790739693
-0.635910753161
-0.718869997188
0.024606243707
0.043872704729
-0.998734057881
-0.764118894003
0.395008686930
-0.509990638122
0.547471803613
0.419152800925
-0.724282784387
0.485400199890
-0.274652169086
0.830031825230
-0.611612898298
-0.770976592787
0.177552117035
-0.484732289799
0.809471858665
0.331345614046
0.278359191492
0.671554830857
-0.686680615880
0.431075987406
-0.847634603269
0.309336501174
-0.305779444054
0.708672360517
0.635832065716
-0.521423345432
-0.028995357454
0.852805348113
-0.969738757238
-0.233867458999
-0.070091038942
0.341892399825
-0.939392289147
-0.025528674014
-0.729835595936
0.003595307469
-0.683613250032
-0.729411414824
0.675954968669
0.105089801364
-0.018399387598
0.997715919279
-0.064995425753
0.071004296653
-0.817896928638
-0.570966727100
-0.076634127647
0.504324961454
0.860106703825
-0.078253952786
0.695278772153
-0.714467457496
-0.631031770259
0.718634203076
-0.292170816101
0.042264046147
-0.976206053048
-0.212686370127
-0.887529144995
0.436287553050
-0.148139076307
0.267153361812
-0.274856724776
-0.923624848947
-0.946961793117
-0.062315084971
0.315246238373
-0.545355837792
-0.336807106622
-0.767559757456
-0.215563956648
-0.645376838744
0.732817108743
-0.992604745552
0.121379397810
0.001691139303
0.726263686083
0.678540566005
-0.110107938759
0.226326401345
0.937351267785
0.264856488444
0.887674096040
-0.223821668886
-0.402415901423
-0.446879466996
0.626208762638
-0.638875046745
0.935471728444
0.129566802643
-0.328793382272
0.929745408706
0.170819743536
0.326181067154
0.934897048399
0.353454113938
-0.032213295810
0.791249844246
0.542959989049
0.281279455870
-0.765610663220
-0.246023967862
0.594400973991
-0.585102648474
-0.620155650191
0.522553212009
0.147300752811
-0.509749125689
0.847619203851
-0.381925827824
0.001165955327
-0.924192242324
0.791128052399
0.445610338822
-0.418984283693
0.631828146055
-0.272836470045
-0.725502207875
0.557910837233
0.810707548633
0.177450743504
0.754006765783
0.092632714659
-0.650302219205
-0.773740421049
0.165771632455
0.611429084092
-0.604575230740
-0.623569951393
-0.495630209334
-0.932024163194
0.068646672182
-0.355835064314
0.164305993356
-0.123984829523
0.978586379439
0.156696993858
0.239582855254
0.958147225901
-0.542711131275
0.301149113104
-0.784075147472
0.710652405396
-0.565700656734
-0.418277329765
0.895538495854
-0.441210232675
-0.057830194011
0.692588360049
0.370456934907
0.618937009946
0.435250192881
0.070876204409
-0.897515365854
-0.207843084820
0.374186235480
-0.903762088157
0.655441340059
-0.753190636635
-0.055682245642
-0.261760995723
0.882970211096
-0.389672663994
-0.834771805443
-0.309059178457
-0.455673628487
-0.812484369613
-0.567238634452
-0.134571467526
0.490440344438
0.122038362548
0.862887538970
0.459897214547
-0.631830069236
0.623927330598
0.178599318489
0.393034636974
-0.902012226172
-0.279400963336
-0.871505136602
-0.403006075881
-0.282098475844
-0.959291554056
0.013422461227
0.093749965541
0.782372255810
0.615714703687
0.772612019442
-0.022067036480
0.634494847618
-0.182355429977
-0.282235186547
0.941854445264
-0.666730927303
0.542064931244
0.511503157206
-0.186584836803
0.118133580312
0.975310491398
-0.461727119982
0.367728783749
0.807207288221
0.923875045031
-0.235190823674
0.301894314587
-0.554660342634
-0.812111183070
-0.181183136068
0.375298111700
0.919046025723
-0.120439727791
-0.147308452986
0.936425907537
0.318444247358
-0.897266596556
0.349895874970
0.269231368788
0.052005483769
-0.976302301511
0.210069617257
0.133528885432
0.896184735931
-0.423111042939
0.340375381522
0.505639577284
0.792763026431
0.724404213019
-0.379607920535
0.575444489717
