-0.001787114888
0.977785474621
0.209600502625
-0.216399015859
0.437727986835
-0.872677301988
0.479680941440
0.148768232204
-0.864739386365
0.401793387718
-0.272081053816
-0.874376333319
0.766592599452
0.614855088294
-0.185172906145
0.066303520463
0.070808646269
-0.995283868164
-0.072682017460
0.798215701245
-0.597970749252
0.305119407363
-0.755373677239
0.579924782738
0.994481721893
-0.048202164471
0.093180765398
-0.057138433680
-0.668455434032
0.741554132663
0.298279489391
-0.947930104099
0.111614799127
0.035814140923
0.045635286719
0.998315965757
-0.500470496714
-0.854672187939
0.138075095601
-0.061774178408
-0.397836162709
-0.915374424309
-0.135117303580
-0.796125656925
-0.589853583835
-0.097427633591
-0.929096202366
0.356774581596
-0.764967247844
0.557505316101
0.322510357946
-0.375087934546
-0.044768806547
-0.925907551311
0.303114976734
-0.884710509330
-0.354130800813
-0.118416209705
-0.983945705928
-0.133523212746
0.688685237430
0.677781134844
0.257537132129
0.249443282373
-0.647070430219
-0.720470613800
-0.960894662887
0.266398655251
0.075585722923
0.268194975331
0.466669818386
0.842787479050
0.850117066875
-0.010935862549
0.526480179280
-0.510998478159
0.542436363176
0.666815826669
0.878651044331
-0.415809608065
0.234680016525
-0.334501967765
0.926118727773
-0.174391897395
-0.972810253501
-0.104329098947
-0.206774392165
-0.265705724247
-0.317915705964
0.910126403905
-0.473791537806
-0.484220028855
-0.735562738031
0.348468627781
0.794477667660
0.497367922217
-0.950165406801
-0.166105647571
0.263807907701
0.415463404730
0.780035014264
-0.467905475758
-0.438821533695
0.851421453990
0.287258015014
0.684865365736
-0.719783476554
-0.113451205194
-0.761358899996
-0.083624900319
-0.642914846539
-0.754118321463
-0.546857280657
0.363665603101
-0.159694732167
0.424883016385
0.891051072627
-0.090286257677
0.774286984466
0.626360962167
0.617060137913
-0.717723570764
0.322660285980
-0.781743381172
-0.447400274687
-0.434407963417
-0.863257837482
0.328554342501
-0.383194399998
0.233714807779
-0.369109977968
0.899519433267
0.638219517656
-0.545287658460
-0.543449368328
-0.516792468727
-0.790019345470
-0.329840836115
0.633821556345
-0.398835879751
0.662721792236
-0.837602884509
-0.544900090434
-0.038798161782
-0.440327562392
-0.669332837686
0.598418907262
0.775983052328
-0.084479082376
-0.625070865266
0.243357541040
0.516270262189
-0.821122476831
0.668005698361
0.415665924549
0.617244056426
-0.601263499819
0.297084006481
-0.741770378314
0.089860410430
0.968979123048
-0.230227202177
-0.520412675105
0.670088537969
-0.529293866828
0.919090680778
0.343163540587
0.193677832372
0.943176141940
0.183408732526
-0.277092043310
0.915580591187
-0.319306818768
-0.244449041784
0.430621922016
0.902419120073
0.014300064184
-0.726613672450
0.680110407993
-0.097377627157
-0.460353607312
0.104951112531
0.881509965286
-0.684424986131
-0.252957201563
0.683794626035
-0.813764963299
0.178014470264
0.553260725923
0.502672717907
0.032655013725
0.863859819248
0.685930751264
0.414320094511
-0.598195504397
