0.510051371530
-0.514923940413
-0.688985437155
0.272388160229
0.662173367105
-0.698091055267
-0.068461692892
0.981283687986
0.179986999370
-0.427936128341
0.829906189814
-0.357947460376
0.079545500688
0.014507425949
0.996725662611
0.853921558708
0.434264506213
-0.286761761643
0.954565354623
-0.163589820266
0.249085034244
-0.115556181408
-0.989250029437
0.089616665617
-0.708586310036
0.543423334137
-0.450107231736
-0.562239240855
0.094338403083
0.821576107293
0.190627096221
-0.352131322958
-0.916332276538
0.235443253070
0.348136029206
0.907396152616
-0.553520835005
-0.334681767970
0.762628872879
-0.248436207883
-0.162577188574
0.954907381907
0.763246805407
-0.088010272011
0.640084763058
-0.779313436709
0.308288811706
0.545553456992
-0.278241248801
0.215180319734
-0.936097877100
0.537508053705
0.796592757106
0.276631650515
-0.215120278299
-0.184351808392
-0.959029548801
0.007001716644
0.474310870282
-0.880329581909
-0.019202386029
-0.940083684400
-0.340402604081
0.508395602927
-0.098348417319
-0.855489040725
-0.927414203994
0.337758887559
-0.160691711120
0.410204118118
-0.820317252539
-0.398512465879
-0.735021213070
-0.677657393739
0.022896985523
0.734649925493
0.198788033798
-0.648670026101
0.599756492302
0.590494756587
-0.540007490665
0.781303962693
-0.420267369598
0.461453632452
-0.073834918439
0.975145096891
-0.208902954124
0.830766601488
-0.547891333699
0.098193376325
0.236738506705
-0.968751244247
-0.073999355547
0.930840021931
0.060741199180
-0.360343390144
-0.648679933511
-0.644505958073
-0.404754755087
0.160562376492
0.876099377871
0.454609284177
0.613298952579
0.280356768519
0.738420256414
0.285000386648
0.958136084490
0.027386516333
-0.936678740196
-0.305661682971
0.170891403221
0.413586287759
0.324260120280
-0.850765394047
0.247868742794
-0.918450569734
0.308236330748
0.123018880375
0.065724563785
-0.990225547925
-0.503817668185
-0.444350114092
-0.740756864659
-0.364740507677
0.595752460882
-0.715572055429
-0.456207733601
0.518933954649
0.722898369655
-0.065753727220
0.808787418529
-0.584413686767
0.952487977222
-0.259664657526
-0.159188305959
0.515690086409
-0.427268124186
0.742634286173
-0.166715868749
-0.558243986219
0.812754249200
-0.624579599127
0.688276097178
0.369020781480
0.562253667042
-0.714687824249
0.416043418460
-0.413838236593
0.907832914032
0.067655846477
0.384153388441
0.638372697867
0.667013097554
-0.270269570872
0.830738900229
0.486648987047
-0.847588228062
0.138797661290
-0.512181025930
0.569896473549
-0.821698336862
0.005463679321
-0.737460567616
-0.528711912222
0.420256617479
0.625986155123
0.766192238778
-0.145226665772
-0.598591998219
0.310244757682
-0.738536260091
0.303538771346
0.876053634100
-0.374692196958
-0.292920744047
-0.772079141811
-0.563995775767
-0.866316528060
0.459257958457
0.196412321180
0.891018767841
0.211211969145
0.401839591563
-0.144068994559
-0.534506584518
-0.832794593647
-0.467115401290
-0.848472933285
0.248790837824
-0.035495231859
0.639634375460
0.767859331332
0.841576157138
0.528350749053
0.112227700651
0.138365880586
-0.724486942403
-0.675258137286
-0.806677346118
-0.261999358423
-0.529743328691
0.442967853509
-0.046042613685
0.895354431123
-0.830128562637
-0.118386671878
0.544858847745
0.152533806860
-0.359308579937
0.920668659732
-0.114147670567
-0.861948701553
0.493978485465
0.742604915053
-0.586972266436
-0.322492631152
-0.440664974041
-0.674705809914
0.592103411444
0.217772514559
-0.703353174962
0.676660506986
0.702953013591
0.530807649717
0.473392330110
0.988264018670
0.152633840218
0.006094144657
-0.972810952924
0.095880437642
0.210821702145
0.788129344583
-0.237240814604
-0.567951520905
-0.199443005025
0.281083324924
0.938730339520
-0.585768437013
-0.058486497961
-0.808365428820
-0.982095870189
-0.058280450292
-0.179139861837
-0.885664977133
-0.420785036869
-0.196309701540
-0.713534622453
0.697123214602
-0.069911121391
-0.415822541341
-0.892745253630
-0.173486379907
