0.586723922752
0.759108457714
-0.281974086538
0.242690349929
0.873695864342
-0.421612296253
0.594713882543
-0.562916194089
0.573969298042
0.726731212810
0.197488683276
-0.657920939848
-0.338950123638
0.148633080535
-0.928989246488
-0.767773970030
-0.515311880037
0.380758184940
0.472273090854
-0.519531291910
-0.712071177550
0.820152608678
-0.218869248405
0.528626474552
0.326507493854
0.117156394757
0.937905770727
-0.289752441458
-0.826220463030
-0.483118275180
-0.125005643815
0.129568722099
0.983659257181
-0.833316938952
0.181918517686
0.522004339844
-0.052911345847
-0.979534131475
0.194199057296
0.762851797976
0.479917875491
0.433285085484
0.091444523074
-0.223761237226
0.970344684087
-0.898230742663
-0.438156989403
-0.034640786238
0.479746690020
-0.113361628726
-0.870053017512
0.780242137611
-0.211008641869
-0.588810290210
0.380896483548
0.924603027292
0.005206711590
-0.253559795208
0.805107489228
0.536198992282
-0.440839153714
0.883535317145
-0.158196655102
-0.581011751667
0.535704957321
0.612736111507
-0.806542176753
0.506995335221
0.304048426449
0.906804192811
0.135030453093
0.399340621196
0.705355606042
-0.562455364503
-0.431413293816
-0.530553523451
-0.510945134796
-0.676349041983
-0.879615926184
0.350825899281
-0.321242913604
0.269021810964
-0.851632941514
0.449831743725
-0.186518521048
0.848303401843
-0.495572576299
0.332892524078
-0.942700513639
0.022322814912
0.733708134852
0.676024718210
0.068285812624
0.503784403205
-0.244692732580
0.828448393382
-0.313126309775
0.559418188408
-0.767465441488
0.078764058650
-0.010990032926
-0.996832705103
-0.564264337532
0.785650716163
0.253690181300
-0.530620492995
0.174188092351
0.829518172890
-0.650256203488
-0.690813853405
-0.316137767397
0.371936774813
0.298354805447
-0.879003665410
0.945976379327
0.320402658544
0.049707395956
-0.621656870469
-0.120577638038
-0.773953336291
0.121460178867
0.658362791874
-0.742836359888
-0.673600348644
-0.736098665744
0.066493028775
0.523969647475
0.580882043578
-0.622922032140
-0.721988802776
-0.194889380597
0.663890275173
0.122756619938
-0.765658023767
-0.631425847299
0.104575465433
0.946194404736
0.306235397235
-0.174146477133
-0.596361005679
-0.783598464914
0.121679774486
0.428678250872
0.895225663669
-0.262780757621
-0.254373351112
-0.930720403790
-0.949478348717
-0.144096761942
0.278795601800
0.126599294133
0.737780875526
0.663062588312
-0.245626382530
0.954005560838
0.171875154600
-0.361125194468
-0.928973243572
-0.081223791465
0.988334850408
-0.101450387388
0.113587151282
0.587839226238
-0.766439816914
0.258872651495
-0.963663365692
0.250201881863
0.093551777303
0.851623466238
-0.477310743183
0.216591610573
-0.015091216192
0.358629060909
-0.933358157985
-0.435323257931
-0.830390121788
0.347772778943
-0.857018083334
0.031183060259
-0.514341929927
-0.646688980050
0.312959963456
-0.695592856966
0.916473910213
-0.351839241572
-0.190485483035
-0.828268169425
-0.343627019785
-0.442597230896
0.692989679053
-0.715096776374
-0.091661900282
0.148686441593
-0.402499685995
-0.903264271095
0.827764928341
0.456490014680
-0.326223985292
0.239064559340
-0.584804399870
0.775146405213
0.475460791029
0.781413827091
0.404140402563
-0.986793763936
-0.056864210404
-0.151672436856
-0.593092728406
0.657257510349
-0.465030728839
-0.242553169839
0.510210893117
0.825138051063
-0.137561897747
-0.512924213894
0.847340234555
0.472787675448
0.493857787922
0.729778252542
-0.772355246358
0.630883670412
-0.073845554143
-0.013574167155
0.991642963141
-0.128296433017
-0.110359979793
-0.801166017540
0.588178277016
0.412173643708
-0.828298035078
-0.379519764334
-0.365098253824
-0.202903917059
0.908588610590
0.679506395943
0.137710828334
0.720629435964
0.025842895731
-0.968165297993
-0.248974092305
-0.483571922407
-0.558740178123
0.673771183938
0.952821993269
0.057219173759
-0.298087595031
