0.133250941522
-0.971864571795
0.194225228392
-0.855022629723
-0.500256356783
-0.136674351990
0.113559576683
0.102757228538
-0.988203002140
0.541234368458
-0.131872564554
0.830466726795
-0.560700215399
-0.798510082997
-0.219081980176
-0.224226182327
-0.559129369445
-0.798183541745
-0.218056364916
-0.850102204829
-0.479351291433
0.963633746840
0.111884029582
-0.242676665075
0.882303756662
-0.340915041976
-0.324525829405
-0.917147907428
0.393042046577
0.066012602299
-0.709471655078
0.219228845090
-0.669767633080
-0.624242551625
-0.755680507049
0.198162073269
0.590238533914
-0.718950640410
-0.367053740658
-0.025601139292
0.848721094429
0.528220676817
0.523888625205
0.823703610338
-0.216917194426
0.969814671203
-0.207663570531
0.127809792757
-0.336067533121
0.213444808498
-0.917333050631
-0.563566459343
-0.196286811493
-0.802411573008
0.840540879406
0.030856802128
0.540868639946
0.847069430165
0.528088161722
-0.059968932532
-0.544314473867
-0.573605037294
0.612126631662
-0.611755477265
-0.564320000820
-0.554344813339
-0.726143863983
-0.197098799981
0.658685926348
0.759790353477
-0.407876145095
0.506315778941
-0.909031434916
0.089436901733
0.407017063349
0.774526546709
0.474470954388
0.418313208967
-0.865246458910
-0.190162218176
-0.463882414624
0.238645341247
0.956543647684
0.167548947036
0.964506458491
0.200923437253
0.171339027584
0.239734740928
0.151686266996
0.958915287629
-0.386724270880
0.870743365027
-0.303727392107
-0.186236330308
0.181274173781
0.965637458488
0.800249407068
-0.596886156127
0.057687101886
0.366859421134
-0.522112902254
0.769943038002
0.209754102863
-0.726362512447
-0.654523272999
-0.870101333596
-0.386053391732
0.306408951990
-0.124832508154
-0.586475667544
0.800289406441
-0.737341168337
0.579564983957
-0.347033757716
-0.339413376525
0.558737787418
0.756710409187
0.519193335436
-0.756362645887
0.397936963476
0.466012230143
0.349978253245
-0.812617882155
-0.376194870099
-0.222293500789
0.899479303509
-0.431845531799
0.584660906345
-0.686790404841
0.473865292035
-0.070179273374
-0.877796418965
-0.603513448499
0.189628805034
0.774475584738
-0.184129900299
-0.179358644411
-0.966398807243
0.552237294614
0.338420485146
0.761909144931
-0.727083642036
0.504081234336
0.466102439910
0.485630755313
-0.874163185246
-0.001222366467
0.404120825231
0.725265466608
0.557383494452
-0.928678666241
0.201906211674
-0.311110616662
0.109930042177
0.536607422866
0.836640818045
0.138134086505
-0.809061789885
0.571260005236
-0.079739958048
0.801653157920
-0.592447257601
-0.241038502194
-0.970309793949
-0.019983555190
0.737989778630
0.474461227655
-0.479851673357
-0.428948073648
0.800344710238
0.418869780377
-0.257524294779
-0.865500209853
0.429640108719
0.163983400911
-0.949038480408
-0.269138265401
0.346444372088
0.723238096572
-0.597413551994
0.186946914531
-0.371873185039
-0.909264089540
-0.209169848822
0.972960157320
0.097961755469
0.089303504676
0.963305329904
-0.253116027452
-0.996513770893
-0.083090567030
-0.007500767708
-0.645789189264
0.761227073148
0.059073383920
0.594063683413
-0.426089477725
-0.682302055880
0.079174351878
-0.227706437930
0.970505640842
0.607958717272
0.771282509901
0.188439607620
0.782434640452
0.021495835856
-0.622361600399
0.018630727194
0.504445848987
-0.863242306747
