0.986973584630
0.103557584807
-0.123121764511
-0.831784206443
0.555046155117
-0.007667952217
0.090554817580
-0.116806078702
-0.989017777145
0.556626119651
0.457814284600
-0.693234045990
-0.194398382679
0.116923457012
0.973929244094
0.509492786601
0.671441891231
0.538129060529
0.457890607417
0.863481284119
0.211509484798
-0.274550969712
-0.707793379202
-0.650884241797
0.499441032298
-0.653990262188
-0.568203652278
-0.837910427712
0.023108723573
0.545318348333
0.438052758574
-0.120621670038
-0.890819954686
-0.597645714879
-0.648340855725
-0.471671211533
-0.598336165771
0.761498381384
-0.249226898886
0.415786855854
0.402732907794
0.815430864692
-0.482574588619
-0.406692245044
-0.775708180852
0.102033440024
0.992501143366
0.067310155369
0.358989504166
0.762889083475
-0.537705105729
0.285376711749
-0.890948854387
-0.353228352033
-0.977575729601
0.190199808218
-0.090386526659
-0.368220179342
0.451987553388
0.812478398904
0.737674028613
0.339841815643
0.583390578628
-0.293617968448
0.832792256027
-0.469303255901
0.792145428248
-0.480240236968
-0.376662890427
-0.787801607512
-0.305244076997
-0.534971661866
0.007039981894
0.440799633972
0.897577919066
0.158497332595
0.886447523721
0.434844089672
-0.140119233169
0.739343055524
0.658588221297
-0.811891384423
-0.373080897145
0.449046793394
0.403382501565
0.897022741847
-0.180645390414
0.654002163559
-0.314911392517
-0.687831362709
0.250039872713
-0.507530289702
0.824556284584
-0.695451182313
0.378718432039
0.610671761446
-0.550161086954
0.824328624643
0.133435732685
0.188150240108
0.532528569922
-0.825235001743
0.673863970675
0.639573736116
-0.369936186820
0.843465874903
0.302072971128
-0.444204048254
-0.269327551126
0.958559257910
-0.092880660668
-0.212288422510
0.927643824369
0.307263013907
0.500868790783
-0.648426110856
0.573300994933
0.100521448068
-0.782190085389
0.614877310582
0.334209847264
0.210924850777
-0.918593753129
-0.281062694266
-0.814325995743
0.507815845311
-0.706509934738
0.276653315872
-0.651388250291
-0.822472440079
0.443953447975
-0.355590241030
0.020356370136
0.779618429951
-0.625923894346
0.331417579204
-0.871803029440
0.360724084079
-0.653516581282
-0.221249418333
0.723854109645
-0.874370154925
-0.473489662632
0.106227913871
0.680500823073
0.732180628926
-0.028812407516
0.354735984467
-0.184468716383
0.916588060558
0.842232735828
-0.049544847570
0.536832678132
-0.209382530302
0.572040284052
-0.793050357141
-0.966280666180
-0.189424515702
-0.174413378350
0.879359446466
-0.086915762164
-0.468158747070
-0.002886588685
-0.962040801533
0.272890387103
0.124823732302
-0.715797006153
-0.687061627395
-0.355070179328
-0.244023419917
0.902428799309
0.939667094499
0.226469825022
0.256392607465
-0.055501126684
0.245025368407
-0.967926749960
-0.541526133195
0.583916117437
-0.604806922376
-0.974686726928
-0.100070262328
0.199929301627
0.056022218429
0.948116271757
-0.312948949635
-0.637160537764
-0.053506057709
-0.768871608190
0.615347993560
-0.764937549829
-0.190308670513
0.889665656723
0.449943613261
-0.077754506841
-0.056993117556
-0.895574786700
-0.441245492548
0.800755848177
-0.440324104391
0.406084663235
-0.369737679139
-0.886582319625
-0.277967332862
0.616142802872
-0.321050120518
0.719232135452
-0.357132879086
-0.925650713034
0.125007446855
-0.919255269691
0.278558213264
0.278163746931
-0.649176446721
-0.757861942984
-0.064924692735
0.330603606068
-0.943601341918
0.017825898714
-0.100308402441
-0.446429105476
-0.889178990386
0.203371761367
0.670238020830
0.713737291284
0.956236502156
-0.244760692120
-0.160324526951
-0.890469322912
0.055276330560
-0.451673455536
0.968410591595
-0.160702536814
0.190671494231
-0.474166566506
0.710100557655
0.520502895117
-0.508804322220
-0.546820008196
0.664910549298
-0.146918554790
-0.566199644469
0.811068985611
-0.627070268616
-0.707684543915
0.325523368083
0.584024908021
0.067430587485
0.808930170722
-0.031367749907
-0.994511571713
-0.099813810550
0.200876211748
0.125435926951
0.971552661620
0.003016092815
-0.229209703393
0.973372392356
-0.826879465953
-0.506843863055
-0.243679389358
-0.423046283424
0.270447950810
-0.864806190133
0.676319422200
0.095419689082
-0.730402026325
0.765230083838
0.579207798466
0.280964844860
-0.549209581688
0.106262333691
0.828901170753
0.631306107156
-0.747272314504
0.207452850416
-0.740772679448
0.586631781422
0.327290372923
0.852644538507
-0.521947585978
0.023832906038
-0.291842489503
-0.094688413665
-0.951767862774
0.299084366299
-0.440577245317
-0.846427924000
