0.069078791887
0.260022501461
0.963128454052
-0.107649822719
-0.084868447855
0.990559872240
-0.056323166937
0.474714966491
-0.878335584886
-0.980028403923
0.187551571056
0.066096405499
0.297963440418
-0.083536541089
0.950915050693
0.904713206924
0.413098658435
-0.104132173583
-0.686444467865
-0.271072397009
0.674769402482
0.425889224745
-0.689454383217
-0.585893352516
0.476024414413
-0.412846744061
0.776503909379
0.530105729587
0.611747656949
0.587156468071
-0.104921346530
0.135433341376
-0.985215366818
0.057397756726
-0.801575501449
-0.595132095739
-0.342813371681
-0.820623127744
-0.457227157429
-0.909376631491
-0.033102990128
0.414654473774
0.984526289627
0.012034150772
-0.174823233858
-0.357002690434
0.928193624131
0.104907929897
0.449517671019
0.848383883014
0.279604451731
-0.647955867462
0.751712623052
-0.122806047089
0.232154498808
0.546855392866
0.804396336898
0.654086285271
-0.068329583853
0.753327417187
-0.743610006757
0.241621326655
-0.623428657651
-0.459257616661
-0.074492455460
0.885174171999
0.778504603542
0.568987362087
0.264922560193
-0.594715818763
0.617721586488
-0.514522238635
-0.253488210030
-0.903342382982
0.346000383608
0.473315555602
0.268876505084
0.838855057955
-0.617123302072
0.722496894188
0.311700283550
0.307079954073
0.947809898295
-0.085780516267
-0.331700474024
0.272419090383
0.903195789084
-0.137445611879
-0.244591619819
-0.959835216403
-0.863876086660
0.419091819786
-0.279428259470
0.531274096109
-0.325844067149
-0.782031634822
-0.525367842056
0.539034812711
0.658354084007
-0.827330015600
0.371908839792
0.420961826108
0.648210071027
-0.731212335639
-0.212490523234
0.959800481796
-0.232537551783
0.157191985287
0.900460289791
-0.392411530018
-0.187575204298
-0.263010711409
0.830808646046
0.490491954610
-0.609350251965
-0.551499023102
-0.569685085677
0.277414937504
0.293444247916
-0.914839562029
0.157629401423
-0.895956085064
0.415229652077
-0.609310546890
-0.766957084648
0.201289559714
-0.688721057028
0.156538162380
0.707925920375
-0.845288985409
0.527656153776
0.084056603722
0.960426306352
0.194259294309
0.199611208402
-0.133704249747
-0.722882127389
0.677911942825
-0.823642259464
-0.435827578418
0.362860509194
0.553085053340
0.465443131514
-0.690984524786
-0.948548449203
0.025725152344
-0.315585257486
-0.344549167901
0.882080804557
-0.321277642623
-0.227760292590
-0.598794643767
-0.767834762111
0.452900256962
-0.884045774117
0.115518074483
0.834128833376
-0.146647407673
-0.531717617996
0.533970673569
-0.706573248841
0.464359303005
-0.418699075468
0.400511448272
-0.815034761094
-0.869611596689
-0.376702261157
-0.319172486663
-0.842799847946
-0.538022858091
0.014826295897
0.600004815497
0.071991974488
-0.796750510111
-0.475041476078
-0.325742430985
-0.817451810464
0.716560974717
-0.491566183046
-0.494876808487
-0.645618010312
-0.731250870973
-0.220112578943
0.771060024388
-0.395597217605
0.498968214728
-0.062418412417
0.992470066063
-0.105390268378
0.063694323413
0.898876491934
-0.433548248373
0.769859147258
0.296831658110
0.564984830096
0.306853466667
-0.914133872837
-0.264953223057
-0.140840887092
0.596356021240
0.790267890319
-0.979933147319
-0.194724818692
0.042582524009
0.053052307107
-0.996196251363
0.069126549177
-0.348346792161
-0.936240394600
-0.045917699113
0.166796916164
-0.497750936076
-0.851130302995
0.728333964013
0.570114328526
-0.380130620673
-0.478748784401
0.028203476220
-0.877498811111
0.237676472403
-0.678576436825
0.695013605990
0.205779102631
0.664643579163
-0.718264485709
-0.327773075551
-0.420774186961
0.845880542882
0.778320499696
-0.609952212311
0.148914396763
-0.057793820277
-0.958767561242
-0.278252829798
0.883024979383
-0.044314270839
0.467229206115
-0.217986235395
0.723763421178
-0.654712540098
0.246261062101
-0.102185380645
-0.963801657781
0.045132549480
0.968669302762
0.244218822569
0.839756102301
0.234024626203
-0.489940978587
0.072702220641
-0.421957154758
0.903696047142
0.653365007602
0.754606048577
-0.060694958083
0.150262770243
0.809635937214
0.567371790297
-0.761181530543
-0.157816226594
-0.629044286907
0.442649633624
0.788154756650
-0.427636971697
-0.518469812348
-0.641890291125
0.564947701991
