-0.223057861440
0.839581480250
-0.495326283388
-0.039270963520
0.995918166824
-0.081269888207
0.582322894596
-0.646306715906
-0.493140622042
0.862243216485
-0.438747128472
0.253056497313
-0.834514582530
-0.515652190894
-0.194134560414
-0.801409912296
-0.552613668144
0.228823696263
-0.227715882473
0.147625859827
-0.962471860461
-0.279088610783
0.285667082295
0.916789977811
-0.655352965929
0.601195807569
-0.457248388790
-0.673720464110
0.185581387952
-0.715304329060
-0.240569943562
-0.596160233952
-0.765975898132
-0.374018918723
0.515495249070
-0.770956870168
0.208084944636
0.910737265833
0.356732795946
-0.417921389453
-0.818205218762
0.394818857312
0.822334621102
-0.217075291090
-0.525969663635
0.444393037818
0.612066375092
0.654132691212
-0.624516703188
-0.482194704004
0.614383555949
-0.870730767958
-0.134074896574
0.473129845224
0.643109348603
0.736064244062
0.211233978160
-0.126913357526
-0.990376022644
0.055211700499
0.247505033389
-0.925930909812
-0.285294949077
0.867313997820
0.259756442159
-0.424609254114
0.520588750951
-0.711242874153
0.472356776707
0.994239592925
-0.068748861551
-0.082226673141
-0.542008211836
-0.836617934518
-0.079356972128
0.033977363259
-0.849515003152
0.526469179429
0.685174308717
0.671031424776
-0.283289592713
-0.484707722440
0.870858274400
-0.081635096110
0.238013279624
-0.526402548887
0.816241406836
-0.845006749965
-0.195274466649
-0.497826750390
0.509881368838
0.501460726373
-0.698969332501
0.861370532773
-0.472209961154
-0.187239306048
0.172575999051
-0.689266521484
-0.703654166311
-0.710853944533
0.273561475798
0.647958939895
-0.257397803478
0.903173823841
0.343545359559
0.056276035495
0.559736043215
-0.826757865958
0.363235740922
-0.118849632330
0.924085796811
-0.198192176409
-0.887980180793
-0.414983202703
-0.520178765990
-0.122684037313
0.845199785195
-0.003372472711
-0.276247180998
-0.961080703884
-0.494909115136
-0.233350025490
-0.837026123889
-0.235722133890
-0.553751626983
0.798620191403
-0.929777690209
0.217035443522
-0.297336611897
0.247025505640
0.137971405871
-0.959136220627
-0.423943765461
0.618321353570
0.661778200418
-0.006391678937
0.683724376373
0.729712355882
-0.818521032110
0.570779904723
-0.065066271462
0.627602532506
-0.778441697359
-0.011982629076
0.791665081866
0.417082247324
0.446440136060
0.248483719304
0.840095101856
-0.482178452425
0.448868169449
-0.320132968016
-0.834285471588
0.923747291788
0.004785187542
0.382972639054
-0.988209192641
-0.153071769513
-0.003409356810
0.382077383809
0.921680491418
-0.067245393060
0.282436323352
-0.943841611966
0.171443092637
-0.942174201831
0.254875844344
0.217591534369
0.634428258054
0.168493151665
0.754394354299
0.677137235180
-0.311262933537
0.666783735156
0.192111081444
0.298756706528
0.934792897664
-0.680946578272
0.655730360188
0.326081968844
0.924937735312
0.379145751707
0.027178714983
-0.067579406314
-0.143955822103
0.987273895182
-0.589765303768
-0.613352906890
-0.525333318859
0.635299881920
0.085549088195
-0.767512483522
