0.309949151240
-0.234539221041
-0.921370107681
-0.282216325402
0.526123451069
-0.802214471623
-0.762372234836
-0.609936933964
-0.216253349558
0.459781030193
0.791505381465
0.402642066590
0.313459853642
-0.711461316794
0.628940151073
-0.531418230385
0.262405467220
-0.805442756042
-0.798324102536
0.267396191135
-0.539609027095
-0.513440747745
0.530442315154
0.674543955363
0.874333396554
0.480822388083
0.065961675718
-0.263073449954
0.946583273821
-0.186473765410
-0.777512033470
0.534166565165
-0.331875152886
-0.010930532590
-0.691884804517
0.721925162710
-0.434560813941
-0.175658639520
0.883346443996
0.699032655917
0.276299445890
0.659554365091
0.038023359142
-0.993031306192
0.111548413523
0.354571529664
-0.883657804690
0.305659800768
-0.508871991187
-0.822002608329
-0.255657988600
0.162904721685
-0.454531091265
0.875707449391
-0.313342788257
0.795325613581
-0.518915662542
0.741640219465
0.281473167241
-0.608886392787
-0.607560311444
-0.685170734301
0.401760539040
0.446274113841
0.403114059009
-0.798960868269
0.078122425824
0.164757492021
0.983235401101
0.781196312048
-0.327335332520
0.531586212106
0.860773720779
-0.467947661877
0.200233831070
-0.937848621979
-0.312888906337
-0.150134916417
0.503698268905
-0.419070920907
0.755425453186
0.777416894212
-0.049201188609
-0.627058382146
-0.224508529529
0.397410942242
0.889753033407
0.618380974047
-0.072175454348
0.782557137311
0.359761914238
-0.578502828255
-0.732055900618
0.167576556094
0.948135959916
0.270104236901
-0.920588513836
0.330040377565
0.208782510832
0.056010715663
-0.775864714757
-0.628408101387
-0.320057956502
-0.733913387172
0.599111044779
-0.710761943832
0.605730198324
0.357642815448
0.851522902958
-0.307793485001
-0.424466622993
-0.580385913141
-0.811720321886
0.065286358818
0.824892557226
-0.544176919386
-0.153048189357
-0.820329791866
-0.556454374455
0.131975602359
0.619831142016
-0.639417711645
0.454922349192
-0.415642163716
0.798176649027
0.436068374664
-0.170453283936
0.219108769670
-0.960696114227
-0.553045003675
-0.363898705691
-0.749479121529
-0.937952644192
0.300118545070
-0.173705773428
0.594478506595
-0.773998323828
-0.217995181680
-0.033652848564
-0.121224714443
-0.992054460570
0.309810995124
-0.129431099631
0.941947311163
-0.053693387657
-0.188050382771
0.980690609664
-0.267631242052
-0.631329237483
-0.727871493436
-0.726364750415
-0.089296652004
0.681483936496
0.049275483936
-0.485982988961
-0.872578053735
-0.560394718312
-0.452464967966
0.693709745072
-0.562377501279
-0.636881734245
-0.527364390902
0.351218575612
-0.825286136009
-0.442208439112
-0.949970578775
-0.255432751030
0.179749848321
0.181735651568
0.766591011547
0.615881784819
0.607371503487
-0.315246531740
-0.729190976359
-0.793864738196
0.608089106157
0.002532727085
0.092359596863
0.467951207422
-0.878914882429
0.293391101994
0.705340129323
-0.645303774625
0.384010629728
0.863195450976
-0.327764320187
-0.411820715293
-0.051770119928
-0.909793136641
0.465948326513
0.552536025643
0.691083277576
0.643869869411
-0.756344073452
0.115651339293
-0.999690188095
0.023238776252
0.008915526792
-0.093353623524
0.881474656984
0.462912010029
-0.777644605376
0.287381343544
0.559178709984
0.671961989254
0.724141193554
0.155198631808
-0.808528137393
-0.367549437098
0.459553762339
-0.540218953043
0.192421701737
0.819229741581
0.097176416777
0.991424256936
-0.087376692332
-0.247493882664
-0.856954568066
-0.452079246752
0.640502220951
-0.587489314377
-0.494583875872
0.910979573615
0.245291002095
0.331584890373
-0.258565022610
-0.962493875995
-0.082156358287
-0.921759517863
0.004325109534
0.387737905607
0.988725198433
0.148975727148
-0.015123308636
-0.529826677404
0.843068570830
0.092298835516
0.348113617860
-0.935374937020
-0.062374953181
0.971461441368
-0.220291621983
-0.087944689207
-0.256371736526
-0.348672761582
-0.901499215513
0.034094163217
0.905504653230
-0.422964430414
0.053459745832
-0.959024525248
-0.278233740479
-0.930067547597
-0.021837058477
-0.366739004850
0.426855397411
0.903845604509
0.029284667224
0.935162642039
0.053399010561
-0.350170498714
-0.721958087757
-0.047604279593
-0.690297291614
0.014340099879
-0.889992821030
0.455748985521
-0.249932256527
0.082346659154
0.964755354449
0.683498112485
0.707514729351
-0.179591858760
-0.572856778279
0.564008915797
-0.594751252793
-0.035584792495
0.719796106219
-0.693272881210
0.866703888401
0.406884570606
-0.288564228453
-0.172069506720
0.679870250635
0.712859400548
-0.800862848759
-0.351572135463
-0.484784210101
-0.569506127387
0.778144404292
-0.264866109006
0.728661512956
0.537103749812
0.424937594682
0.413604605943
0.232630331069
0.880235399120
0.960651410744
-0.120019018650
0.250488124788
0.135505715385
0.498610217124
0.856169405393
-0.305885132402
-0.910074288957
0.279640971683
0.611798649654
0.603108603507
-0.511822649278
0.840625570156
-0.001906100661
0.541613345034
0.211785113439
0.140410186723
-0.967177359387
-0.192984403111
0.968502455391
0.157353146002
-0.228123752400
-0.470421104692
0.852445621043
0.536336077377
0.048166926019
-0.842628955841
