-0.060005582869
-0.534979211167
0.842731613666
0.280772608705
0.760221543722
-0.585858298466
-0.598742547445
0.615405071527
-0.512624577619
-0.642429105006
0.260769270360
-0.720613787882
0.731444051489
0.131253507920
-0.669150292873
0.698313827626
-0.330338492058
-0.635007305071
0.655174075626
0.551487448625
-0.516341478564
-0.515379311517
0.827469497919
0.222886503674
-0.154835593887
-0.965857209638
-0.207715641707
0.415184896439
0.368771687150
-0.831642316654
0.872477290221
-0.444861750118
-0.202191495337
0.037273269147
0.168172934093
-0.985052570701
0.643202325329
-0.634275047109
0.428935813718
-0.424161920324
0.878103937954
-0.221404920332
-0.155603494495
-0.112799761817
0.981358123012
-0.092195704579
0.882201929577
0.461757194251
0.564934327267
-0.705200959928
-0.428416632116
0.674295018427
-0.738219346851
0.018932039849
0.383791077882
0.460066908970
0.800651513971
-0.367896976881
-0.905948143452
0.209546593949
-0.722962173633
-0.645015589893
0.247549151070
0.880298602395
0.028898358345
0.473539073020
-0.007390536368
0.606768785976
0.794844022021
-0.582562256604
-0.018318760209
0.812579619698
0.888798703440
-0.379334480502
0.257181286812
0.470503142104
0.857933191583
-0.206342993304
0.133994943462
-0.841637302190
-0.523155814037
-0.755794264376
-0.345460801385
0.556265999563
-0.569016612135
-0.805823784322
-0.163914986886
-0.956194374710
-0.232160644606
0.178308025934
-0.881194368005
0.077137383632
0.466418597847
0.054510644637
0.551874096505
-0.832143960521
-0.345096969977
-0.767524274066
-0.540198638104
-0.977078197524
0.208558899350
0.042677622288
0.704574421979
0.449225365184
0.549337285571
-0.952933153138
-0.140366781503
-0.268729550764
-0.745900383219
-0.111780796200
-0.656610745005
-0.854558977298
-0.507728608325
-0.109273115173
0.919814910740
-0.097145175561
-0.380135954358
0.021234844811
-0.988344099373
0.150748208165
0.045239813626
0.962158519775
-0.268708655611
-0.647709224373
0.342956177890
0.680333608761
0.779517230578
0.613628938794
-0.125747406855
-0.288899715990
0.307972091250
0.906471258961
0.360376292840
-0.878450598568
0.313772962429
0.313157651573
-0.939119432122
-0.141375304200
0.340511966497
0.769669826142
0.540055513382
0.142441820353
0.189528915100
0.971488093957
0.245978975669
0.956990538165
0.153829295188
0.282885261811
-0.241532469168
0.928244576789
-0.162489402108
0.983660486527
0.077519288287
-0.316847206093
0.439201095141
-0.840660599992
-0.433675761335
-0.688669843599
0.581084486097
0.913458005525
0.365119665861
0.179672203027
-0.431117583066
-0.375639290549
0.820385733619
-0.066568894312
-0.608512311243
-0.790747335181
0.574758530594
0.089161104523
0.813451244496
-0.004596817307
-0.254034007899
-0.967184362002
-0.712110280991
-0.505823719315
-0.486868885346
0.920403401367
0.279104578309
-0.273784972727
-0.374591580592
0.002511369064
-0.927186517976
-0.189759650268
0.787936608307
-0.585787653923
0.998452235013
-0.044549503364
0.033293757588
0.631338072941
0.742875937372
0.222592853010
-0.429533737712
-0.402308308519
-0.808485492133
0.667426077649
-0.308764998801
0.677647847682
0.413685282692
-0.084430479445
-0.906496541575
0.340737712570
-0.517571258359
-0.784868015908
-0.030590265989
-0.843763920479
0.535842029378
-0.424785586074
0.659608010203
0.620060059242
0.332744572312
-0.629244831391
0.702375960536
-0.881427256390
0.272426064126
-0.385836791247
-0.792332740501
0.510816658847
0.333579327911
-0.782562194392
0.614871895872
-0.097616405226
