-0.558868118562
0.076948973350
0.825678679161
0.351481162012
0.905302675441
-0.238512174226
0.921420524828
-0.048998913728
-0.385465071537
0.176319387741
-0.921597512439
0.345788225532
0.702119613066
0.345827178098
0.622440045699
0.595133394003
-0.590856811032
0.544705856591
-0.895208064467
-0.088010014966
0.436871556565
0.692350135185
-0.614272290841
-0.378577392548
-0.221701714210
0.970804863609
-0.091576558538
0.274651178159
0.712462455966
0.645727479830
-0.949936619028
0.311913645826
0.018174076453
-0.296876139008
-0.801664801314
0.518843042664
-0.652926152572
0.670309148729
-0.352665681392
0.926822533831
-0.368514445610
0.072090866975
0.599793527275
-0.290860403329
-0.745417969301
-0.460472447798
0.459805604070
-0.759304898791
-0.087010830641
-0.092351789586
0.991917466745
-0.265419545583
0.837777566165
0.477159525268
0.232567053288
-0.668450666592
-0.706460381858
-0.118752646260
0.808703613468
-0.576104395092
-0.840875981376
0.146995966323
-0.520883642137
0.086658583023
-0.580783877522
0.809432131238
-0.228843891062
-0.469573031180
-0.852720142342
-0.966111335903
-0.233745490201
-0.109507677145
-0.693774090149
-0.690832947381
-0.203537095338
0.583592900075
0.209774940275
-0.784483141266
-0.410379128531
-0.003030841239
-0.911909964867
-0.219406261109
0.471322514117
0.854234147817
-0.711140351370
0.456898287870
0.534343853593
0.466485145502
-0.166062408127
0.868800831027
-0.277571528219
-0.821363303810
-0.498313524760
0.206179956906
-0.949843362905
-0.235132750124
0.156752557494
-0.143839986995
-0.977107308805
0.850332799368
-0.127478118986
0.510571697727
-0.299686064012
-0.953406259418
0.034709753469
0.677304717712
0.707968757488
0.200096366927
0.791719320230
0.515066611581
-0.328461416066
-0.648128636181
0.749574244954
0.134416220710
0.380615468137
0.648680617101
-0.659048800357
-0.495831945911
-0.412901516072
0.763978414237
-0.694955288433
-0.383274057880
-0.608389794827
0.263242821209
0.289774651639
0.920181431808
0.189820527099
0.954855100252
0.228516745381
0.968653377146
0.220458588563
0.114492988214
0.034830384888
0.367480617017
-0.929378738627
-0.740640906617
-0.604631619528
0.293038652278
0.602217977867
-0.794315529056
0.079977161251
