0.940840745345
0.069562090561
0.331632033922
-0.273279891349
-0.091309390031
0.957591089420
-0.544294189662
-0.332708467729
-0.770096688531
-0.761420153081
-0.636643955484
-0.122163097374
0.837310671806
0.357011768036
-0.414069360122
0.796564752236
-0.439711281098
-0.414895869792
-0.476211910136
0.666706738062
0.573344870470
0.420186083764
-0.379668047652
0.824194046669
-0.234504614025
-0.850128057413
0.471476267092
-0.421118729748
0.408231719397
-0.809941897169
0.252622988075
0.723957553506
-0.641924516298
-0.373858214356
0.912862714380
-0.164047856815
-0.843739893287
-0.160107379779
0.512316911481
0.425625054166
0.882590398192
0.199693518691
0.329807571135
0.436253258958
0.837203714065
0.029204051942
-0.894417207688
-0.446279039606
0.266226680018
-0.121407059021
-0.956234113313
0.580820432864
-0.785961662419
0.211924252100
-0.951514335349
0.257332363166
-0.168524546549
