-0.990205411799
0.076290584169
-0.116931556724
0.943193994462
-0.121267894283
-0.309320520610
-0.193805573508
-0.840848254971
0.505384615622
-0.572855317965
-0.710153042339
-0.409291387536
-0.260522927158
0.726589327678
-0.635763911530
0.458716149442
-0.085832201876
-0.884427682497
-0.764429196715
0.091270511970
0.638214459643
0.861845449544
0.237395227887
-0.448180683888
-0.197851623408
0.374167928472
0.906009433791
0.425308777019
-0.903484991752
0.053172485903
0.236240068451
0.963994687423
-0.122085507028
-0.601427139714
0.593413680792
-0.534925786778
-0.497918379493
0.864499648102
0.068685118109
0.891451073810
0.399484234862
0.213839490898
0.337586712092
-0.884686651640
-0.321503870189
0.844179693609
0.503974418156
-0.182675749063
0.148358739913
-0.738738519140
-0.657461088151
0.112082829699
-0.953938984312
0.278276575729
-0.864482859150
-0.229397506453
0.447265209630
-0.059509300627
-0.601557755843
0.796609633602
0.664734277874
-0.498287797906
0.556630586274
-0.083074656315
0.021959487349
0.996301351115
0.717024701647
-0.670630452223
0.190079909749
0.289685173891
-0.450370091945
-0.844540868886
-0.259887070395
0.903814593330
0.339967482723
-0.681534151547
-0.508777861483
0.525981259532
0.058307474479
-0.995688337833
-0.072145489976
0.980498426594
0.181940960698
-0.074298858643
0.253741151653
0.214880393818
-0.943102244288
-0.963390401565
-0.252395662479
0.090417715721
0.099323595874
0.606661024503
0.788731401786
0.769333482720
-0.075433691964
-0.634378238581
-0.465499955229
-0.492358609103
-0.735454138368
-0.809193440713
0.402379371226
0.428131773137
0.608047577552
0.251336136833
-0.753065925092
-0.306091247126
-0.922356924973
-0.235724096186
-0.273129763082
-0.292112588882
0.916553526185
0.470287184231
0.486824589781
0.736092237756
0.654662915505
0.619296849705
0.433460352942
0.338767140172
-0.574804934673
0.744873218238
-0.409158860333
0.859340985306
-0.306793245487
-0.919808147475
0.390828000382
0.034733915702
0.091328697279
-0.159026865847
-0.983040957712
0.113432089798
0.964409596287
0.238845746033
-0.611438271590
-0.242539591156
0.753205008805
-0.745620455593
0.644348692149
0.169896725565
-0.152111364529
0.987881628796
-0.030854798853
0.730100835674
0.676617014222
0.095614768565
-0.555216904730
0.699513847008
0.449905063026
-0.257532101125
-0.955594278872
0.143236830831
0.790022480302
-0.435004685074
-0.432013196871
-0.121520212851
0.154166418128
-0.980543497950
0.449571680278
-0.787888551131
0.420852626674
0.773158804514
0.282958682626
0.567591265775
0.781015978195
-0.115634370595
0.613712255843
0.086054950021
0.743253067136
-0.663452652283
-0.451089388691
0.072112851776
0.889560621232
-0.405890646391
-0.586174750701
0.701178967021
-0.379015525803
0.432598516345
-0.818049970083
-0.936626402661
-0.242010756396
-0.253301744349
0.504592030309
-0.262479016557
0.822491123341
0.350038896315
0.813227222301
-0.464902414009
-0.692989745177
0.250878651626
-0.675888388418
0.651407437399
0.562330189161
-0.509365396574
0.116204638034
-0.324638446793
0.938672658987
-0.245371561497
-0.758588689379
-0.603602514602
-0.013063856401
0.490254160948
-0.871481607668
0.139008162543
-0.799194223247
0.584778011777
0.988534136675
-0.146168908104
0.037880195305
-0.640709445812
-0.147608826868
-0.753460708074
0.886555513367
-0.341753080487
0.311807877384
-0.760251992382
-0.396793166175
-0.514365714975
0.578514291905
0.791916158050
-0.195422647521
0.001717268489
0.836564312689
0.547866041772
-0.276558317244
0.674335503951
0.684680307284
0.273884365335
-0.029681170359
0.961304520257
-0.956628816202
0.090076351538
0.277033496648
-0.553076141514
0.410821132362
0.724798439071
0.501701842062
-0.659661999904
-0.559590301476
-0.289775998332
-0.207809157670
-0.934261860326
0.946796257980
0.052640249953
0.317499369383
0.553321514279
0.128814435564
0.822947228327
0.460923958570
0.869647838175
0.176809899509
0.338968108408
0.781246010214
0.524171052501
-0.587899434380
-0.808746314608
-0.017425629310
-0.800599399954
-0.562263923697
0.207122861408
-0.002705588005
-0.914908438921
-0.403652358800
-0.033143944107
0.923683701083
-0.381719658151
-0.450919900090
0.102292130701
-0.886683462188
-0.518110803328
-0.776930083521
0.357688186690
0.659331633709
-0.724375547841
-0.201399752870
-0.864797500893
0.357900043949
-0.352182962932
-0.722497114912
0.665846219286
-0.186136317439
-0.819271568209
-0.551037801430
-0.158592046238
0.194921361282
0.299010575749
0.934129722416
-0.872443496250
-0.004726248793
-0.488692140207
0.364340664819
0.538459243253
-0.759814136662
0.597361077555
-0.362433766015
-0.715403038077
0.887690997683
-0.454565529712
-0.073313514702
-0.086526305415
-0.506245931610
-0.858037442900
