0.882398393936
0.420797110535
0.210482457653
0.476445079781
0.035271662287
0.878496440127
0.047419700772
0.550858417526
-0.833250487223
0.366093755700
-0.917001011781
0.158380888402
0.415854630992
-0.286438385956
-0.863144237548
0.821340791881
-0.012242763303
-0.570306423120
-0.636507460847
0.771237886511
0.007097479887
-0.508397086523
-0.181362592615
0.841807585210
0.519157784991
-0.836326573975
-0.176162010990
0.316860226914
-0.828641912900
-0.461467415094
0.226061376743
0.943266434595
-0.243196806870
-0.630410688929
-0.700535716489
0.334413025528
0.116550122388
-0.409039197490
-0.905043094419
-0.497573195957
0.794593191706
0.347911731340
0.318210034631
0.286901434883
-0.903565127403
0.957360393368
0.276339357719
-0.084247468971
-0.368348530494
-0.721313425340
0.586537552066
0.669617709704
0.580112160183
-0.463769341819
-0.947475812398
-0.048636199906
0.316107740626
0.644490844570
-0.623202183284
-0.443001791835
-0.755923322402
-0.331454933621
-0.564550756477
-0.851618773304
0.524057534523
-0.010448176414
-0.486602962017
-0.265784079209
-0.832211739384
0.173958461732
-0.973961950280
-0.145384219475
-0.129280436784
0.940944745205
-0.312905022874
-0.384397462942
0.082197687589
-0.919501022436
-0.831819571555
-0.403334929608
0.381309760734
-0.710466994904
-0.627774290740
-0.318019006401
-0.559030955657
-0.828700002283
-0.027215734124
0.180368381552
-0.061229231767
0.981691513211
-0.570378975943
0.301351415925
-0.764104146510
0.096995331347
-0.408319790848
0.907671114430
0.224698175676
-0.848801064305
0.478589053266
0.973280578852
-0.019474076107
-0.228791768663
-0.607607405633
-0.464630745351
0.644151774235
-0.287185978144
0.450788184069
-0.845171121880
0.353855656460
-0.603607423604
0.714453812689
-0.042846365832
0.211760754697
-0.976381877437
0.556728942320
0.004152281210
-0.830683839507
-0.620049166493
0.185103811324
0.762414328754
-0.238844323903
-0.745430102572
-0.622324151918
-0.268707823008
0.719435157254
0.640475728549
0.571835671552
0.801957786083
-0.172822663561
0.815518469550
0.563268603757
-0.132883802988
-0.934395530261
0.281687574461
-0.218075909652
-0.210575176403
-0.973145131953
-0.092987339944
-0.541357956827
0.591011149809
-0.598027911037
0.986366607249
0.054903001525
0.155134054832
0.014901158400
0.546226895414
0.837504706345
-0.278670360334
-0.470188799314
0.837415859103
0.009158829227
0.999664439820
0.024230602197
0.156725270674
0.935006989166
0.318118087947
0.380352316424
0.583353812806
0.717656214722
-0.740751401521
0.595076660626
-0.311722838320
-0.907538752072
-0.024603321217
-0.419247050770
-0.777531478554
-0.118697735481
0.617539994419
-0.156208641827
-0.160179240629
0.974649408832
0.644147430547
0.309026368894
-0.699697641656
-0.830502891913
0.247966406867
0.498776108958
-0.042806368321
-0.910471642390
-0.411350217648
-0.591014645994
0.528476884589
0.609437339008
0.445657149889
-0.293598162010
0.845688963309
0.092134058475
0.791340540163
0.604393468238
0.437597984448
0.787908600643
0.433252858929
0.688524072990
0.532902771607
0.491883355193
0.388448867947
0.577919629402
-0.717716084793
-0.808005683124
-0.588001149707
0.037168043666
0.075908506289
-0.704749812372
-0.705383299850
-0.103361602873
-0.877133418806
0.468991837464
0.675735824741
0.717432850040
0.169325721450
-0.009252940305
-0.687714267522
0.725922494195
0.864328508265
0.297152907588
-0.405754084699
0.678061028011
-0.325741394423
-0.658882224001
0.722714788280
-0.077071267180
0.686835753731
-0.051060002297
0.213297573850
0.975652099587
-0.216836099513
-0.494469655678
-0.841713647358
-0.699002113193
-0.006604825146
-0.715089099482
0.020011104643
-0.983357961290
0.180573184043
0.548461883329
-0.715735622682
0.432333296165
0.107660833746
0.809417486191
-0.577280241065
-0.337341570295
0.941243516281
0.016164965928
0.678820323199
-0.426380141638
0.597831867635
-0.461755506694
0.825586601160
-0.324327942915
0.616102266125
0.293187373318
0.731067137793
-0.227407498285
0.746719705872
-0.625056403689
-0.951577225700
0.262628994882
0.159771066159
-0.909142991528
-0.340860884637
-0.239317521453
0.804540482350
-0.582408946007
-0.116251581348
-0.332265247591
0.428156368434
0.840405811556
0.403757795691
-0.579713734798
-0.707751105540
0.380484003574
0.920905250125
0.084648936987
-0.769258714281
0.560272606090
0.307141069323
0.858810448088
0.184394580312
0.477957374416
-0.143731047399
-0.161170681007
-0.976404320449
-0.354322765954
0.102527459152
0.929485608824
0.819273107685
-0.508361072280
0.265255713835
0.899431044236
-0.188712623902
0.394222451374
0.205032219179
-0.047872994095
-0.977583738044
-0.520928937010
-0.577648316510
-0.628454822116
-0.791580115445
0.307808821090
-0.527877494693
-0.417447509244
-0.835333832540
-0.357707931660
-0.997801946476
-0.018446446396
-0.063647489063
0.648419942707
-0.751976759173
0.118669838645
-0.171684478410
0.920717335306
0.350434054621
-0.950045071542
-0.298203931190
0.092134553939
-0.346177099273
-0.905662825331
0.244818834588
0.873584763147
-0.330341818742
-0.357384867035
0.413754759356
0.784662364051
-0.461640522815
0.959175409749
-0.282100292854
0.020048877224
0.280565924942
0.303989350796
0.910424755886
