-0.924415469170
0.346022871323
0.160387693904
-0.578173700720
-0.483376830816
0.657314239070
0.937860269099
0.029184671119
0.345783703960
0.414563054219
0.792693341151
0.446961675771
-0.793289809488
0.041121686809
0.607453935780
-0.180095444433
-0.853550054133
0.488894604146
0.969463081099
0.041640986688
-0.241676151752
0.200355859473
-0.786039442755
-0.584807253443
0.255159294233
0.661088271998
-0.705589137040
-0.764071515761
-0.464332113974
-0.447873202153
0.404759580269
-0.797691134736
0.447055404074
-0.346263074316
-0.830269645900
-0.436754160561
-0.531503521837
0.568349030800
0.628079121932
0.028937771916
-0.488440307789
0.872117348947
0.235294676386
0.032543011010
0.971379105933
-0.268308428116
-0.430732311681
-0.861672943458
0.630160855129
-0.316874428652
0.708863803186
0.744061819278
-0.439175725915
-0.503484548070
0.617091016844
0.133017437533
-0.775567558594
0.365934866481
0.922209429555
-0.124985761009
-0.001983824186
-0.999836706556
-0.017961747013
0.727355048992
0.552466601133
-0.407105988823
-0.722075804137
0.559820123017
-0.406457822770
-0.301229433157
0.561045238748
-0.771031172015
-0.192201314494
0.926864420064
-0.322460848838
-0.591597192921
0.801084974781
0.090970454738
-0.946089165285
0.044897289015
-0.320779556409
0.622889787890
0.333117938600
0.707842319272
-0.607610668987
-0.789247697219
0.088867017068
0.026632661000
0.563694025390
0.825554205105
-0.104667085223
0.942282279022
0.318039158359
-0.332993928343
0.039630538784
0.942095782608
0.868738601916
-0.477950165048
0.129834043793
0.311964961700
-0.333626483567
-0.889590485021
0.825229450129
0.546915214509
0.140996810049
0.531526110135
-0.837590631098
-0.126182117499
0.009979544207
0.138080889359
-0.990370675921
-0.601043349132
0.054739390500
-0.797339633107
-0.940345577896
-0.303775985725
0.153200334869
