0.357683984563
-0.698590746149
0.619704071432
-0.794428252615
0.437793943100
-0.420975310728
0.674754135311
-0.177972747013
-0.716262910515
-0.365538432263
-0.925235555507
0.101591438055
-0.102454799227
0.655310485512
0.748379034922
-0.015866085887
-0.643264917657
-0.765479269437
0.527931967750
-0.833648705855
-0.162227219902
-0.753873651847
0.514297515154
0.408867438324
-0.695123367943
-0.366783480160
-0.618282605894
-0.950711101294
-0.260131365620
0.168760403059
-0.088083579205
0.313817648217
-0.945388684981
0.468236222863
0.061611484736
0.881452700123
0.615058390424
0.717287443578
0.327417009510
-0.409686645493
-0.263142529875
0.873448831029
-0.132231792435
0.975910672918
-0.173531292938
0.984731281176
-0.100249818526
0.142317519523
0.647630053572
0.596245516092
-0.474411844276
