0.147087917663
0.548955550417
0.822807964869
0.153284313157
-0.324458173476
0.933397456072
-0.353734728880
0.706231000833
-0.613277680241
-0.986589988694
-0.119971196167
0.110666641966
0.272879213095
0.863494555466
0.424162806012
0.907378758304
0.388399472460
-0.160653780214
-0.455436888151
-0.744146878831
0.488694855943
-0.891899584793
-0.336589802057
-0.302030517720
0.123806988820
0.004884807393
-0.992294294760
-0.566648120992
0.808551692404
0.158600333147
-0.363963728771
-0.931104739197
0.023965955712
-0.546024699695
-0.478493343107
-0.687678082846
0.573390231468
-0.286850925535
0.767424385063
0.537188996561
-0.799642780796
-0.268327043392
0.363554960117
0.437685057521
-0.822350034490
-0.901655531488
0.417621630244
0.112291921861
0.859263520688
-0.504291426390
-0.085769213736
-0.655367813073
0.522005395032
0.545896872878
-0.706180072390
0.645603447221
-0.290698973462
-0.616969171911
0.350602916442
-0.704575499520
0.029622689821
-0.940613981336
0.338183135726
-0.870963390917
0.117246304639
0.477154141292
-0.130487361923
0.419278620742
-0.898431124166
0.750612577423
0.325375959277
-0.575074988417
-0.057404531166
-0.687779380009
0.723646489903
-0.750443535857
-0.075131756254
-0.656650377437
-0.570712756366
0.064663812518
0.818599743769
-0.762050060555
-0.341391889378
0.550210216083
0.921030022204
-0.084023493342
-0.380320587195
-0.083128291182
0.080466992222
0.993284828030
0.519519591704
-0.834946852177
0.181557556614
0.600927747786
-0.025897899643
-0.798883683048
-0.358229527250
-0.360599957407
0.861184809357
0.811052211560
0.046196791343
0.583146778867
-0.113196612336
0.977810911834
0.176273498684
0.229442862794
-0.762384719215
-0.605083061382
0.110760921612
0.800746516325
-0.588673961349
0.335000917315
-0.389731773175
-0.857836539857
0.680611826479
-0.470394408330
-0.561690876260
0.593149321154
0.526626445353
0.608965079300
-0.363269949332
-0.041247135028
-0.930770442821
-0.308110222220
0.444709373638
0.841012284160
0.411639004946
0.140136905946
0.900508176535
-0.110744322650
-0.476836493239
-0.871987759136
-0.932390063070
0.185185827315
-0.310410981998
-0.260509907268
0.934113673866
-0.244061939418
0.648903223686
0.752374829724
0.113387476653
-0.785285213031
-0.604326110333
0.134599719197
0.392529156059
-0.684365150519
0.614463343285
-0.224788126536
0.794909414835
0.563550636172
0.570771716535
0.717059773393
-0.400056155398
0.114358298481
-0.982803684659
-0.144979638979
0.991791876964
-0.061674622819
0.112004966475
0.250243789516
0.961493459530
-0.113615017384
0.882813175209
0.375461524352
0.282257932238
0.803311704658
-0.449084493332
0.391169301234
-0.630510537885
-0.718652114272
-0.293250061572
-0.228440262377
-0.838837161660
-0.494132838212
