0.804978121072
0.168738304637
0.568803664297
0.902307027951
-0.315672368743
-0.293586411513
-0.170638181269
0.973727516830
-0.150789032690
-0.277718999423
0.196792135946
-0.940289855003
0.966898404993
0.119074027985
0.225674211979
-0.309611292556
-0.712304791436
-0.629891046323
0.621888879687
0.448385005817
-0.642032013275
-0.603359029628
-0.742420876399
0.291151373647
-0.395481411368
-0.915501789190
0.073830383830
-0.837946782820
0.335522586480
-0.430429765023
0.637874655426
0.462481583469
0.615813857876
0.173400484025
0.835144268349
0.521983066574
0.861777807586
0.301807352342
-0.407739292830
-0.585418160073
0.623146533035
-0.518627009355
-0.142153196968
-0.978550326079
-0.149103072472
0.715523323976
0.627384379506
-0.307270585559
-0.408444678411
0.585739152506
0.700058989227
-0.792363574728
0.580158592202
-0.188615938649
-0.990950816311
-0.126492335461
0.044901747257
0.335344556719
-0.927228873596
0.166705256328
0.284375620075
-0.033869565465
0.958114480600
-0.229288119823
0.317189014517
0.920227192342
0.199248405173
-0.964903457090
-0.171059611253
-0.647120369598
-0.606287304312
-0.462223895825
0.028296779841
0.394197442569
-0.918590042740
0.910578618757
0.410960786976
-0.044247137383
-0.571188646369
0.715402377769
0.402421377599
-0.095740418881
-0.666808812879
0.739053298719
-0.414672437124
-0.854833238758
-0.311940543354
0.429632444866
-0.514964928851
-0.741772932932
0.065027787350
-0.367850760929
0.927608324215
0.538998785429
0.722570673563
0.432864793576
0.670670868829
-0.596852600574
-0.440417480655
-0.496812525205
-0.409808538854
-0.765006062575
0.688741823658
0.095777180977
-0.718652510084
-0.297147211619
-0.359083917923
0.884738533758
0.637339153327
-0.447651478462
0.627221615985
-0.948673589155
-0.033354152925
-0.314493116923
0.633385252208
-0.760110888630
0.145101887174
-0.891808061861
-0.195518679917
0.407983854413
-0.549514447339
0.287523886189
0.784451327287
0.086262802593
-0.676695100032
-0.731192497537
0.111888613552
0.910239008255
-0.398680178449
0.040699695237
0.715853292495
-0.697063553147
-0.652710177004
0.754150638357
0.072292726487
-0.499922614545
0.837527388707
-0.220511339605
0.494764836505
-0.738973267376
0.457303253002
0.692167979665
0.718260601163
0.070747406222
-0.774947869591
-0.275026961230
-0.569048301317
0.329468875192
0.579197491519
0.745641016401
-0.225761122070
-0.173589898273
-0.958591916598
-0.258653188124
-0.861438201740
0.437061495148
-0.636166431010
-0.281862046570
0.718224239536
-0.550816730596
-0.053237861954
-0.832926562056
-0.039248647168
0.625175014138
0.779497109354
0.343096284196
-0.800078056753
-0.492097592913
-0.866653742269
-0.479135004804
0.139071695507
-0.965778587386
0.250153743662
-0.068518774584
0.638731126674
-0.092496498488
0.763850079849
0.801068543456
-0.512772775255
0.308793243952
0.498241332360
0.239322713576
0.833354793489
0.963932408951
-0.250723129138
0.089287304319
0.126898844726
-0.863417445682
0.488269389607
0.882635955699
-0.033222790807
-0.468881664798
0.371847189032
0.908212441951
0.192041212693
0.134810803458
0.309015556239
0.941453892738
-0.740071281791
0.415966490284
0.528456597589
-0.690321797505
-0.717691188678
-0.091515967622
0.316865141504
0.535912385210
-0.782556321472
0.989081143402
0.045816806145
-0.140068951063
-0.734189416282
-0.492187306285
0.467672485858
0.535004619509
-0.826707273722
-0.174141145311
-0.786321195774
0.062928522937
-0.614604732022
-0.363954767585
0.918404815719
0.155143545009
-0.452935370617
-0.617277453654
0.643286945298
-0.584745926782
0.324327313341
-0.743561694399
0.708212420344
-0.286247361451
-0.645366263576
-0.215146071278
0.836199930869
0.504461933859
0.088511219248
0.027298918925
-0.995701025240
-0.035464796238
-0.886668121442
-0.461044345982
0.459027237259
0.868513295427
-0.187025799416
0.815997804515
-0.572869229130
-0.077255597338
-0.088511223905
-0.027298942208
0.995701024309
0.404025349766
-0.332396135665
0.852218472399
0.281482180580
-0.624897365458
0.728197132237
-0.171376047656
-0.491040159948
-0.854113464244
0.161478132941
0.984510585666
-0.068291422911
0.826246188022
0.466672381386
0.315490291454
0.440055401064
-0.146723808721
-0.885902571492
-0.937670653686
0.158881350420
0.309080022387
-0.886526207440
-0.403542446904
-0.226328912191
-0.254849050194
0.827295563184
-0.500633609481
-0.763807484880
0.053920024075
0.643187962472
0.135963546112
-0.343535734341
-0.929245453328
-0.845423338003
0.499092732556
0.190173138864
-0.011997920461
0.974358466454
0.224681168795
-0.294643378817
0.556598703377
-0.776777420193
0.869267700240
-0.179978406988
0.460414418019
-0.023084073327
-0.985178577714
0.169971453957
0.412343421951
0.743989775889
-0.525787138380
0.390347690322
0.224352228455
-0.892913633958
-0.448962195776
-0.016892798245
0.893391055986
