0.450284756720
0.514597376809
0.729680187069
-0.236902238801
0.348152037710
-0.907010191120
0.197163192555
-0.109834108502
-0.974198718555
-0.112647480331
-0.300796598196
0.947012117133
0.837114279158
-0.141289626248
0.528466577642
0.894396408461
0.314126620069
-0.318401522003
-0.323380159214
-0.934822796844
-0.146736530587
0.608547604643
0.784973469563
0.116131232120
0.551835278049
-0.523592415266
-0.649098456837
0.482298126444
0.176045188680
-0.858135541901
0.672042682767
0.423117158934
-0.607725678012
-0.197163197212
0.109834073111
0.974198721349
0.112023061141
0.274029184133
-0.955174768344
0.597276188433
-0.703104128130
0.385883063078
-0.758233297616
0.368171771988
-0.538081602193
0.025662099943
-0.999009418301
0.036354323849
-0.249309374951
0.792773149908
0.556197417900
0.838396634907
-0.462157315575
0.288966600783
0.029702935368
-0.902854541317
0.428918887861
0.100595960394
0.679866281338
0.726403669454
-0.193034419790
-0.004304578528
-0.981182542630
-0.241268932819
0.838082659058
-0.489292098209
0.005635033362
0.981574667618
-0.190995857120
0.174554928206
-0.048847201280
0.983435064554
0.655803769827
-0.676662803628
-0.334737009369
-0.537982949056
0.179574545473
-0.823606293648
-0.372942580841
0.919308356941
-0.125642252155
-0.986446771771
-0.164049940184
0.003222184256
-0.601509691216
0.699960703962
-0.385020910762
0.106896300800
0.355639525689
0.928490014747
0.618283285759
-0.451739736833
0.643161712214
-0.924901263788
-0.097331214696
0.367538142018
-0.246879693121
0.501079083420
0.829439670779
-0.498092799447
-0.215791617520
-0.839843759313
0.555136568844
-0.197412403300
-0.807992408052
-0.153060721233
0.971573710442
0.180601604283
-0.781818339601
-0.018629332073
-0.623227912001
-0.446920625865
0.560299880803
-0.697370774113
0.320635381155
-0.724181029946
0.610536474735
-0.279944652691
-0.826108654961
-0.489055703394
0.425329781137
0.193814337254
0.884042181075
0.374176006764
-0.912121448666
-0.167411999777
-0.572473297827
0.577091110870
0.582443277352
0.279224431142
-0.413730384782
0.866522293538
0.890042788349
-0.441599095240
-0.113199261948
0.416410056874
0.783754419535
0.460794609971
-0.968923749402
0.214717039838
0.122814333066
-0.022412820719
-0.706251884811
-0.707605780102
0.323086770251
0.538754830137
-0.778047665954
-0.401269918308
-0.512369267642
0.759249751456
-0.854146208614
-0.468396998011
0.225917031057
-0.536657080986
0.250564142130
0.805739900097
0.985618649982
0.168901666068
-0.005301307887
0.077280231752
0.894504764117
0.440328276716
0.716018130071
0.213694179431
0.664569661021
0.717122082599
0.650812654756
-0.249356784858
0.321336628869
-0.775007641874
-0.544156157412
0.804769348353
-0.328193755820
-0.494606058113
0.352397639304
-0.907863319851
0.227156542242
-0.018073469400
-0.643821669742
0.764962093905
-0.914268812165
-0.208648613654
-0.347243852913
0.249688555487
0.959692575969
0.129018538631
-0.844776928425
-0.508346846327
-0.167138933204
0.395095219836
0.894872343168
-0.207613235340
-0.279166490771
-0.782039597631
0.557207444683
0.251750568859
-0.476677309722
-0.842259100638
-0.951688228175
0.136301417835
-0.275157117285
-0.321403624490
-0.919742124155
0.225331163965
-0.404659843072
-0.572068656795
-0.713433852419
0.672335378826
-0.739415665157
0.035065827891
0.481830902398
0.713643470779
-0.508480064571
0.961255843751
-0.081330233254
-0.263386777602
0.554975646548
-0.130699111149
0.821535009891
-0.593764300458
-0.719531812705
-0.360163746402
0.865321875550
0.496901859529
0.065624629147
-0.122770960443
-0.376327726990
-0.918316248804
-0.053748993203
0.625942060724
-0.778015154414
0.977496614680
-0.150678484701
0.147635909729
0.146596211940
0.835597243160
-0.529421188869
-0.797720773146
0.551699371077
0.243453013711
0.721239138395
0.542435820214
0.430787052028
-0.668626009487
0.742851159535
-0.033337877132
-0.740262820385
-0.018373972736
0.672066479921
-0.470669939183
-0.152991455048
0.868943854235
0.031989381649
-0.935082281008
-0.352984144352
-0.717872395180
-0.365531808697
0.592491112649
-0.498881375417
0.823476897553
0.270190991461
-0.639844742604
-0.767538705841
0.038510248996
-0.594995658845
-0.684269391000
0.421610679477
0.915621100925
0.203504983336
0.346732921898
0.791341668926
0.052430890501
-0.609121797606
-0.864204997197
0.476534492336
-0.161445342936
-0.716150408611
-0.413422451355
-0.562325943261
-0.821762036532
0.279318351299
0.496677373536
