-0.418697140180
-0.850717367604
-0.317761961371
-0.229266513139
-0.258871863596
-0.938308170065
0.626505645923
-0.403515032493
0.666833032854
-0.956057120115
0.068453269079
0.285077061504
0.297645089217
0.855053416453
0.424606941640
-0.886214336380
-0.286639183760
-0.363953466527
0.874762259424
0.298423442058
0.381751800887
-0.720005500130
-0.621502966620
0.308749317192
0.792009615339
0.607927933335
0.056074917316
0.323519759811
-0.924175722525
-0.203062052839
0.313196427189
-0.767268365249
-0.559649222530
0.651294543408
-0.669318789616
-0.357530102134
0.642562318593
-0.763448361307
0.065270706080
-0.984235285781
0.080388092436
-0.157539376989
0.469541577622
0.879231860861
0.080511122942
-0.467978176661
0.096898484044
-0.878411696292
0.241422538646
0.243444222957
0.939388134517
-0.250559260137
0.949591008946
-0.188406399451
-0.818185125478
0.071972351521
-0.570432362147
0.491426727735
-0.725919846445
0.481186186895
-0.624109115452
0.401048989967
-0.670557617210
0.478567757644
-0.095540629700
0.872837263159
0.183926214464
0.952546134591
-0.242542795837
0.273274459876
-0.502510885708
0.820246229880
-0.142344935797
0.159990684129
0.976801360957
0.843593527563
0.413496408612
-0.342594044283
0.616749207489
0.297757308930
0.728670706041
0.387253747322
0.192785473540
-0.901592088863
-0.167333735153
-0.519576583058
0.837878030725
0.568515190855
-0.140018234961
-0.810669705272
0.629889530130
0.636918975972
0.444492291659
-0.440101329237
0.657933970913
0.611092225648
0.963100905530
-0.023137210868
-0.268144205213
0.472758563235
-0.486471427605
-0.734741375782
-0.356645020656
0.904211622663
0.234958866611
0.264636071399
-0.941652592272
0.207985921763
-0.102255214937
0.527751519345
0.843221325427
-0.673468101770
0.679485873319
0.291100776754
0.142295766622
0.522917263210
-0.840422185138
0.076642011292
-0.796501355246
0.599759611301
0.979314069264
-0.099400266074
0.176248518750
-0.092677871697
0.813002352603
-0.574837354943
-0.654618707485
-0.578943493776
-0.486105727032
-0.465294360183
-0.879090573639
0.103445251472
0.897709202021
-0.428959714249
-0.100557201542
-0.272144231945
0.500276830047
-0.821985770948
-0.827071055770
0.454152636230
-0.331208168529
-0.852872678079
-0.283720862120
0.438304306939
-0.950083319098
-0.307437625714
0.053139360622
0.801525585353
-0.306701892987
-0.513313435949
0.765966959298
0.127231426537
-0.630164089613
-0.122822364792
-0.947663716972
0.294700092636
-0.065421302803
0.831156314351
0.552176812664
-0.771996075287
0.371858355589
0.515503075905
-0.078681906685
-0.992697337642
-0.091439339332
-0.756562937982
-0.644402778707
-0.111164645292
0.824463081546
-0.463723610155
0.324377926998
-0.729729698040
-0.012941114604
0.683613263071
-0.636757644825
0.765361981466
-0.093598808162
0.065108912997
-0.177131971344
0.982031106018
0.196079512127
-0.202634251676
-0.959422838874
-0.575708900578
-0.435720302165
0.691886608489
0.563642947935
0.493669485673
-0.662266611122
0.299083440565
0.766290001571
-0.568637606688
0.966001002118
0.258529225364
0.002168525010
-0.489815671928
0.725333105773
-0.483707031235
0.054434440099
-0.574086163193
-0.816983456723
-0.483784724027
0.292750375345
0.824772426859
-0.381911747158
-0.144232233986
0.912874842994
-0.371353765018
-0.759682049975
0.533834771253
-0.044319340028
-0.869811202399
-0.491390136071
0.589795371518
0.750978277996
-0.296939461492
0.038122320548
0.988900150172
0.143607730046
-0.898085524328
0.432265968062
0.081169719808
0.815635766834
-0.069349044934
0.574394467287
-0.335668564774
-0.622494469397
-0.706984616816
-0.618280245923
-0.272105725482
-0.737352026626
-0.049519259483
0.153203458525
-0.986953160726
0.299166032113
0.607491641305
0.735835300758
