0.619838168845
0.308256404474
-0.721649937332
-0.229292998090
-0.963525882922
0.137994905002
0.636808270589
-0.672683194280
0.376792442054
0.764812382869
0.581831019372
0.276649025269
0.844934418797
-0.103637524880
0.524733351544
0.445570755750
-0.563639381900
0.695541046560
0.913882982917
0.329930072650
-0.236567200162
0.441927766427
0.346973299049
0.827229942195
0.445940928534
0.085950462148
-0.890926037915
-0.206588527188
-0.005735545419
-0.978411100805
0.128519341350
0.339217566885
0.931887450628
-0.942094923928
-0.334841886535
-0.018386515789
-0.775321355090
0.591909854673
0.220271466300
0.869234159589
-0.224877342582
-0.440297802910
0.675561379641
0.134652382694
0.724903826602
-0.825848905370
-0.425918077119
-0.369550234638
0.881323457696
-0.386305582710
0.272097333334
-0.591474764049
-0.687076674774
-0.421999105252
0.685717567801
-0.081576518714
-0.723281886429
0.867827960290
0.247731694020
0.430701331235
0.315764977597
-0.828938907012
0.461684703827
0.576365958899
-0.213148861192
0.788904204033
0.291638768278
0.631359394640
0.718562552705
0.283936110325
-0.936824694276
-0.204303148203
0.037488636561
-0.318262245506
-0.947261180729
0.109968682751
-0.653972223401
0.748483278789
0.283510091715
0.391489630565
-0.875418697484
-0.558274441399
0.512541259639
-0.652404095046
-0.410304294899
0.284045910463
-0.866584274918
-0.412217307836
0.535670194775
0.736976480111
0.460540278815
0.779556323774
0.424493331462
0.772730229422
-0.633457973599
0.040236621164
-0.673379082233
0.731308741495
-0.108388809487
-0.440926807933
-0.884053222835
-0.155027250759
-0.820098925382
0.060112886131
0.569055526517
-0.578116215765
-0.795585063286
0.181179596111
0.566457604058
0.820363334380
0.078292916529
-0.550649032928
0.213643105701
0.806933865882
-0.390738261864
-0.615218181163
-0.684711763635
0.137659881264
0.043745162897
-0.989513070323
0.277355233207
-0.577959604561
-0.767487308010
-0.809835691936
-0.102187150158
-0.577688443474
-0.026527703740
-0.882609706372
0.469357417896
-0.998380548321
0.056428672746
-0.007216961123
0.133749472909
-0.980670788325
0.142814153805
-0.563221381977
0.680530963466
0.468678226694
0.557746238075
0.769253676757
-0.311717683449
-0.766028368846
-0.316758958623
0.559342738241
-0.482575632632
0.762016166933
-0.431801017374
-0.547971013933
-0.058231787756
-0.834467989393
0.218009458855
0.863811479881
-0.454204360954
0.091431705281
0.857342167757
0.506561594084
-0.261305988766
0.816255680285
0.515214365907
-0.584634014405
-0.619096173905
0.524330997840
0.017265551724
-0.023907676339
0.999565066770
0.114729123190
-0.844761439599
-0.522700045258
0.716680225916
-0.411060217768
0.563381709158
0.853786761872
0.137745866552
-0.502069954760
-0.905741175637
0.419379836880
-0.061265605502
0.081731125712
0.670952172950
-0.736982498318
0.006072076038
0.989278337918
-0.145916067064
0.330959385261
0.933708697557
-0.136579471640
0.386537741870
-0.250344441272
-0.887646457180
-0.926952116191
0.250802602619
0.279030154459
0.362280669622
0.030322591774
0.931575683877
0.225480169058
0.956469379365
0.185270123184
0.634500024840
0.495182777755
0.593467550352
-0.072720143944
-0.634190059267
-0.769749795087
-0.243096352555
-0.665314062499
0.705876306631
-0.945251850411
-0.143299081363
0.293196711689
-0.485936939716
0.853183619678
0.189586394466
-0.720113897696
0.225993721746
-0.656020434573
0.767045649700
-0.547818444669
-0.333969942294
-0.140918378718
0.869316346012
-0.473741596565
0.947497580200
0.306057546288
0.092612698674
-0.214223222807
0.287943674251
0.933379263617
0.440679479390
0.629860789515
-0.639591260813
-0.629473548383
-0.387104154564
-0.673730972223
-0.111718481407
-0.381769151427
0.917480950244
-0.138253607787
0.970095423050
0.199501399882
0.980517111719
-0.044587546960
0.191306412220
-0.067706684582
0.360728417523
-0.930210090242
-0.729634403251
0.403851586394
0.551849192940
0.583851408213
-0.790443831123
-0.185246000998
-0.350624489598
-0.833419883624
0.427169478498
-0.951419079676
-0.129944852553
-0.279134500772
0.792532593012
0.603421065956
-0.088176557794
0.617829745635
-0.435352371074
-0.654793645255
-0.461297173984
-0.399915823713
0.792005208321
-0.066630652174
0.623074407689
0.779319342226
-0.263176520355
0.624983764254
-0.734937692992
0.463686683215
-0.734638460912
-0.495278699324
-0.751373742707
-0.653429575264
-0.092017864808
-0.326340874657
-0.071594830602
0.942536902614
-0.315418547951
-0.344834294170
-0.884081697091
0.985561539419
0.011868592352
-0.168901119381
0.941349835135
-0.327510903589
-0.081222501583
-0.915929626673
0.193339567631
-0.351699772291
-0.246796819381
-0.842898339033
-0.478135670535
-0.766552507877
0.512249804102
-0.387294964865
0.475103501230
-0.870715924539
0.127005672082
-0.817720055580
-0.514697137289
0.257722265087
-0.068664448336
-0.978641830385
-0.193766250275
-0.343255396001
0.929063198157
-0.137903250754
-0.619064982980
-0.109015291557
0.777736594900
0.244911210611
-0.327856472693
0.912430069409
0.734635077417
0.502841791138
-0.455479345284
