-0.964467396960
-0.037852145731
-0.261476298794
0.864264308475
-0.022801497020
0.502520940267
-0.712828592397
-0.523073852062
-0.467192830518
0.282395193353
-0.629841119982
-0.723569704220
-0.566223774105
0.799272291362
0.201381330378
0.223041926511
-0.965606895275
0.133624930866
0.593900389038
0.523369986564
0.611036973074
-0.666782073677
0.027778985910
-0.744734846987
-0.047966614366
-0.660070917569
-0.749670318328
0.494735714979
-0.543892375194
0.677803551778
-0.193765367381
0.190473080613
0.962379856035
0.552561329678
-0.825606431812
0.114236574620
0.195583786815
0.808155758306
-0.555545903742
-0.563090252690
-0.321393996477
-0.761337812990
0.557073580101
0.209711007774
-0.803548578173
-0.322358650155
0.538079212420
-0.778816834092
-0.456410417333
-0.428462387994
0.779813767411
-0.094016519375
-0.436451741494
0.894802084193
-0.756122622639
-0.646699492820
-0.100291300565
-0.157525819726
0.787195393816
-0.596245777793
0.160217832774
-0.380629437976
-0.910742266104
0.994050360285
-0.080086269416
-0.073824582621
0.879504120909
0.472536166199
0.056409859098
-0.674966639839
-0.131466676481
0.726041696966
-0.340456303209
-0.139798119664
0.929809653200
0.626286801882
-0.203009996563
0.752696340904
-0.957374390215
0.265201793052
-0.114465211518
-0.937822489999
0.244642075151
0.246250341646
0.708350203000
-0.679023866542
-0.192786348984
-0.212604030967
-0.380937910639
-0.899825445376
0.693417183124
0.667331513949
0.271737481467
0.135190844536
0.194881588221
0.971465182491
0.803902641870
0.512470255606
-0.301852245815
0.785627288744
-0.381198943593
0.487316249870
0.394668131135
-0.003069149330
0.918818613514
-0.106457103975
0.756035617553
0.645815011114
0.129549084231
0.903342967853
0.408886922523
0.383924831636
0.371497686021
0.845334958285
0.326188997366
0.922328248620
-0.207150521688
-0.795474566519
0.189828396775
0.575487091206
0.823333919048
0.197905601934
-0.531934798695
-0.495824117213
-0.867889179848
0.030443641357
0.058880979195
0.996057502925
0.066351193935
0.404430404305
-0.891759200953
-0.202981707640
-0.651188299060
0.396284136921
-0.647234640084
-0.904619637877
-0.105824927799
0.412873339839
-0.446444223635
0.244478620589
-0.860765797086
-0.404045282863
-0.626836239360
-0.666200973094
-0.896941170096
-0.407000917010
0.172762234695
-0.826149600558
-0.195530791767
-0.528435941786
0.386678365059
-0.089371986687
-0.917873895727
0.006973753683
-0.894274179824
0.447465146892
-0.136279460043
-0.983023481444
0.122852521949
-0.520023833960
0.169222718105
0.837220927700
-0.221046999097
0.918674433604
0.327376706526
0.027517679147
-0.118660669774
0.992553485557
-0.826875393279
0.560555810109
0.045324014500
0.650796968490
0.754454086535
-0.085219339468
0.956505581737
0.217598699965
-0.194288127124
-0.267321891151
-0.945751857013
-0.184641355649
-0.519281139597
-0.652975406498
0.551334938966
-0.174727155827
-0.856159707531
-0.486272531562
-0.860492273234
0.184096935205
-0.475038276985
0.250430409797
0.677056473680
0.692010939121
0.224715631455
0.251959013753
-0.941286109388
-0.753872076049
0.531711655669
0.385952855460
-0.516144610010
-0.784259655513
-0.344284087420
0.910645450465
-0.110058983788
-0.398261073977
0.284795059822
-0.355188668706
0.890355424024
-0.601669246331
0.445729075000
0.662811970338
-0.793399255723
0.514187011868
-0.325774976984
0.666556839831
0.175342213362
0.724539223127
-0.348361642100
-0.062296353281
-0.935287832282
0.182652512565
-0.848173555918
-0.497232016176
0.373727876693
0.545175748877
-0.750407139771
0.022548261099
0.491093928926
0.870814749040
-0.353218103759
-0.861513441429
0.364734917879
0.651604535058
0.466189875267
-0.598396631889
-0.449090132490
0.719240474515
0.530104886740
-0.298813097179
0.954241656698
-0.011558217928
-0.206431790255
-0.704671246000
0.678840444423
0.059753382578
-0.978844824247
-0.195684294216
0.835746555589
0.349564827047
0.423476239666
0.973558356054
0.138581815176
0.181601782329
-0.750218980014
-0.412815789692
0.516482918523
-0.914780280553
-0.354858969338
-0.193008159287
-0.338733640499
0.881728388369
-0.328351289034
-0.683440876193
-0.682512113824
0.259009229019
0.633785297163
-0.663424411789
0.397723830305
-0.995033218525
-0.073212666437
0.067444777116
0.704889724031
-0.110580746084
-0.700644256547
0.350417000242
-0.821611203253
0.449625349604
-0.520997243002
0.684122447856
-0.510429571383
0.948524345644
-0.236119872890
0.211066271178
-0.128824631684
0.261663923040
-0.956522976048
0.763506620191
-0.426989034750
-0.484497682191
0.525032225996
0.730685781687
-0.436393685639
-0.017660756595
0.957980244420
-0.286289972253
0.439924768172
0.778287994675
0.448033474386
0.016265225597
-0.069783149287
-0.997429572977
-0.315892992541
0.497218228877
0.808075274341
0.522983637638
-0.692615408450
-0.496761521325
0.407885525376
0.902020824142
0.141378319822
-0.610776271671
0.776849742979
-0.153156200424
0.036638748832
0.568662068807
-0.821754861623
0.151485312730
-0.670291122049
0.726472305134
0.515406335704
-0.400570974685
-0.757561352104
0.909173821099
-0.388877110556
-0.148921301588
0.815574023873
-0.560906847008
0.142205904238
