-0.783817695454
-0.445027899928
0.433105052449
-0.366320142522
0.000000000000
-0.930488877930
0.678174038418
0.734901335090
0.000000000000
0.000000000000
0.678174038418
0.734901335090
0.734901335090
0.000000000000
0.678174038418
0.734901335090
0.000000000000
-0.678174038418
0.000000000000
0.678174038418
-0.734901335090
-0.678174038418
0.734901335090
0.000000000000
-0.734901335090
0.000000000000
0.678174038418
0.000000000000
-0.678174038418
0.734901335090
0.678174038418
-0.734901335090
0.000000000000
0.000000000000
-0.678174038418
-0.734901335090
-0.734901335090
0.000000000000
-0.678174038418
-0.678174038418
-0.734901335090
0.000000000000
0.433105052449
-0.783817695454
-0.445027899928
-0.930488877930
-0.366320142522
0.000000000000
-0.433105052449
-0.783817695454
-0.445027899928
0.000000000000
-0.264893279411
0.964277734980
-0.445027899928
0.433105052449
-0.783817695454
0.000000000000
-0.930488877930
-0.366320142522
-0.445027899928
-0.433105052449
-0.783817695454
0.964277734980
0.000000000000
-0.264893279411
-0.783817695454
-0.445027899928
-0.433105052449
-0.264893279411
0.964277734980
0.000000000000
-0.783817695454
0.445027899928
0.433105052449
-0.264893279411
-0.964277734980
0.000000000000
0.445027899928
-0.433105052449
0.783817695454
-0.964277734980
0.000000000000
0.264893279411
-0.445027899928
-0.433105052449
0.783817695454
0.000000000000
0.930488877930
0.366320142522
-0.433105052449
-0.783817695454
0.445027899928
0.930488877930
-0.366320142522
0.000000000000
0.433105052449
-0.783817695454
0.445027899928
0.000000000000
-0.264893279411
-0.964277734980
0.783817695454
0.445027899928
-0.433105052449
0.264893279411
-0.964277734980
0.000000000000
0.783817695454
-0.445027899928
-0.433105052449
0.366320142522
0.000000000000
0.930488877930
0.445027899928
-0.433105052449
-0.783817695454
0.000000000000
0.930488877930
-0.366320142522
0.445027899928
0.433105052449
-0.783817695454
-0.964277734980
0.000000000000
-0.264893279411
-0.433105052449
0.783817695454
0.445027899928
0.000000000000
0.264893279411
-0.964277734980
-0.433105052449
0.783817695454
-0.445027899928
0.930488877930
0.366320142522
0.000000000000
-0.783817695454
0.445027899928
-0.433105052449
-0.366320142522
0.000000000000
0.930488877930
0.433105052449
0.783817695454
0.445027899928
-0.930488877930
0.366320142522
0.000000000000
-0.445027899928
0.433105052449
0.783817695454
0.964277734980
0.000000000000
0.264893279411
0.445027899928
0.433105052449
0.783817695454
0.000000000000
-0.930488877930
0.366320142522
0.783817695454
-0.445027899928
0.433105052449
0.264893279411
0.964277734980
0.000000000000
0.783817695454
0.445027899928
0.433105052449
0.366320142522
0.000000000000
-0.930488877930
0.433105052449
0.783817695454
-0.445027899928
0.000000000000
0.264893279411
0.964277734980
