-0.161742618307
0.795789886266
-0.583573286422
0.857562130317
-0.258160725236
-0.444904744625
0.340108089149
0.162045548670
-0.926319451071
-0.820263001136
-0.489684301428
-0.295597516932
0.438318114728
0.520336061716
0.732889903709
-0.526333652437
0.042485001497
-0.849216056056
-0.267695883289
-0.938404675573
0.218484731391
0.543687504716
-0.826441646554
0.146280899644
0.908278538845
-0.073136761785
0.411923668347
-0.114249002188
0.969056434929
0.218807654455
0.040238469839
-0.730938677676
-0.681255835108
0.134561266750
-0.386829580180
0.912280735560
-0.893107628450
0.447704281658
-0.043813683093
-0.428123626858
0.400775514543
0.809993299656
0.718307890929
0.670063976198
-0.187211216427
-0.769546592608
-0.304660337977
0.561230896972
