0.163262632675
0.574466631748
-0.802080669440
-0.699149037711
0.630264005624
0.337576516904
-0.713625411503
-0.676273141056
0.182738639414
0.575531592593
0.588902706280
0.567412537523
-0.126665648073
0.577594162896
0.806437099352
0.561055218801
-0.717634440400
0.412574660033
0.025976437144
0.999024248682
0.035717983730
-0.995209412649
0.022307519801
-0.095187173225
0.723285475746
0.666093822569
-0.182145927101
0.312019766308
-0.115219693631
0.943063139915
0.152747788467
-0.374530326575
-0.914546415210
0.965184344910
-0.041304048151
0.258288896643
-0.522127936594
0.106073765084
-0.846245101653
-0.585191656835
-0.578723387793
-0.568005249836
0.004048629664
-0.980027720332
-0.198819706216
-0.570933830924
0.708089120686
-0.415504941717
-0.141343874857
-0.747160829604
0.649440222420
-0.628030188382
-0.084716610610
0.773563944735
0.709027649835
-0.620718685910
-0.334646235220
0.790137460455
0.063492900692
-0.609632220119
