0.987412748858
0.157630110160
0.012992733158
-0.058370602317
0.691658529453
0.719862035476
0.165463577956
0.095564225689
0.981574898586
0.655340069905
0.745551257394
-0.121172246523
0.049317134544
0.993196253665
0.105494177900
-0.330717868172
-0.368164398707
0.868953776546
-0.419761874713
-0.832196371630
0.362283267081
0.302084341645
-0.208485329524
-0.930203695782
-0.580376520753
0.764137328602
0.281526615843
0.339965076186
-0.774828922935
-0.532976439223
-0.533272054046
0.742723781615
-0.404947279952
-0.599392180331
0.260503280908
0.756879813969
-0.145083304495
0.314873450436
-0.937979500741
-0.761520059779
0.105734547600
-0.639458679594
0.761520058848
-0.105734547600
0.639458679594
0.214672937989
-0.969278258272
0.120063256472
-0.338929886930
-0.439468810335
-0.831861584447
0.285573641770
-0.635070978664
0.717727348208
-0.307332978584
-0.896799458191
-0.318272163160
-0.846922412515
-0.477827636525
-0.233244884759
-0.852723786607
-0.295685598627
0.430618356913
-0.967032476328
0.252807565965
0.030602666549
0.824090260081
-0.280964128673
-0.491868275218
0.629871847108
0.353325759061
-0.691680824384
0.793566166423
-0.596712151542
0.119110649452
0.599224000238
0.585480441339
0.546024952084
0.133334151469
0.818030056544
-0.559507667087
