-0.461288722232
-0.434171242639
0.773762266152
-0.609200113453
-0.231121283025
-0.758589594625
0.966330178082
-0.225888869725
-0.123207972385
0.342703476548
0.017158465460
-0.939286917448
0.570981119759
0.708033845760
-0.415534153581
-0.247000202537
0.431266250089
0.867755910382
-0.213811637834
0.965509977192
0.148576801643
0.513496839441
-0.217303432524
0.830120601691
-0.966330178082
0.225888869725
0.123207972385
-0.394911593758
0.634316210635
-0.664595950395
0.656377800740
0.590802895837
0.469169604592
0.285219196230
-0.908178812824
0.306367837824
-0.642388678156
-0.765365010127
-0.039410485886
0.199822515249
-0.790947863832
-0.578335921280
