0.377825423144
0.922895123251
-0.074246484786
-0.896947775036
-0.306930823252
0.318242294714
0.030140891671
-0.936693982221
-0.348849407397
0.457304472104
0.646522722207
-0.610639818013
0.583278975450
-0.115019828081
0.804087106138
-0.245977037586
0.293424588628
0.923795056529
-0.850799228996
0.150015538558
-0.503622882999
-0.933732821606
-0.004157602787
0.357946546748
-0.086486450396
-0.584079127759
-0.807075996883
-0.711434605531
-0.032094000839
-0.702019071206
-0.985183709301
0.159003891051
0.064271453768
-0.191696814261
-0.793896284886
-0.577045074664
-0.846850474365
-0.206146993674
-0.490252679214
0.302028479986
-0.609612297267
0.732906298712
0.656391835772
0.752573180012
0.052757614292
0.565371936187
-0.445573290810
0.694131842814
0.259338903241
0.473169754259
-0.841934507713
-0.709612146951
0.615390998311
0.343139211647
0.995482129045
-0.089454364963
0.031831539236
0.132840468548
0.723375483416
-0.677555399016
0.205721262842
-0.844792576507
0.493967876770
-0.269877212122
-0.620356439613
0.736426627263
0.208801889792
-0.976140459999
-0.059595066123
-0.654086389579
0.443093515933
0.613057198934
-0.470391890965
-0.734907528386
0.488510380499
-0.971640965901
-0.020836540498
-0.235541229136
0.124107142910
0.876118573360
0.465847250074
0.305972208269
0.864121027291
-0.399594615214
0.769577235915
-0.489662943408
0.409854947589
-0.468647382222
-0.032686971128
-0.882780375890
0.028065026738
-0.311177520081
-0.949937315658
-0.767651715316
0.111092934385
0.631164956838
0.059577455744
0.983578935266
-0.170361392200
0.019331544638
-0.712961365469
0.700936788693
-0.563174889423
-0.123040205799
0.817126153037
0.809072365053
0.056305400096
0.585005648434
-0.099963138811
0.536453370936
-0.837988752872
0.129545879550
-0.023171840236
-0.991302642971
-0.028724022210
0.496542312205
0.867537124082
-0.444669841789
0.727714768611
0.522206803784
-0.306178632192
-0.333803492598
-0.891532316804
0.943662513979
0.159177646041
0.290109523572
-0.219033947214
0.754886453040
-0.618199459277
-0.173024225049
-0.028256848454
-0.984512146562
0.006779634394
0.889301070943
-0.457271954976
-0.901424763724
-0.375617819838
-0.215278069489
0.385647740215
-0.895141506568
0.223601212725
0.463073965162
-0.647007419728
-0.605758945458
-0.513752147555
0.730239280500
-0.450343561359
-0.469476186670
-0.879650087096
-0.076209133491
0.782920580357
-0.608428409323
-0.129808455706
0.767255421728
-0.243915313855
0.593147904612
0.335095994174
-0.869241335429
-0.363497144543
-0.721864352003
0.463293120265
-0.514073283412
0.400905806571
0.752874101512
0.521972336806
-0.606078864075
-0.318764395081
-0.728737037629
-0.775769927539
-0.226073089987
0.589128148742
0.143414194696
-0.765412738547
-0.627356124111
-0.915430570953
0.324960449710
-0.237460678443
-0.184891845100
0.914208629169
0.360607247800
0.652733653784
0.656718861312
0.377702411264
0.291814453900
0.367144728079
0.883203867823
-0.127059112303
0.745516913012
0.654263336211
0.956421054900
0.006312455982
-0.291922793724
0.324829861522
0.030851251446
0.945269146934
-0.523892548867
0.213398940861
0.824619602412
0.621532394551
-0.012415598147
-0.783290070482
0.744914357550
-0.482270183042
-0.460996822454
0.407300760970
0.879405472428
0.246479419991
0.686106035486
-0.704783967696
0.180383108556
-0.439099306241
0.534160752781
-0.722401610576
0.364986283705
-0.196156424470
-0.910114096478
-0.365295165218
0.528060300276
0.766623610631
0.024269969203
0.263506134972
-0.964352365583
-0.424991587177
-0.586311812513
-0.689652526751
-0.325190941803
-0.917896076106
0.227415135130
-0.549450603314
-0.453139374964
0.701974885538
-0.312617195770
0.275032337755
-0.909190684557
-0.712162005715
-0.516177375801
-0.475800581276
0.199570075609
0.657252447680
0.726767502725
0.924014820717
-0.175396667793
0.339753760956
0.520202678628
0.518094845116
0.678945434280
0.031296951696
0.173390191980
0.984355799854
-0.256783848628
0.915168193169
-0.310691537336
0.362943015993
0.160187084228
-0.917939248495
0.901416559704
-0.419602924958
0.106684442610
-0.289298237301
-0.325034060515
0.900366252288
-0.880481635220
0.469394456595
0.066490096971
0.896947775036
0.306930823252
-0.318242294714
-0.611739004962
0.255742120557
-0.748579558916
0.599545763806
-0.723538083024
-0.342107466422
0.584439845756
0.216210450046
0.782101723365
-0.505027900450
0.853101772256
-0.131012155674
-0.473921277560
0.853558041155
0.216419251636
0.263121727854
-0.506862957962
-0.820887871087
-0.152358951978
-0.855191952549
0.495412426069
0.802706077695
0.163550578058
-0.573510384187
0.922118194401
-0.313611419871
-0.226596361957
0.593447609805
0.750269535929
-0.291402740404
0.582936021499
-0.356539668515
-0.730113044381
-0.506397814490
-0.758854708634
-0.409512860700
0.016901816241
-0.467082458548
0.884052206762
-0.632126893848
-0.753943164833
0.178844325244
0.823568052612
0.548873797990
-0.143084641546
-0.726639183238
-0.539667818695
0.425151903182
0.720598406158
0.498871928081
-0.481523347087
0.023518550210
-0.158468597569
0.987083877437
0.035680379719
-0.970581687987
0.238113621250
-0.750318400562
0.619725905359
-0.230134958401
-0.872963854112
0.318279934116
0.369637648575
-0.982228515670
-0.180601017550
0.051092213951
0.571466695517
0.344279507175
-0.744914380834
0.516973498277
-0.708484150469
0.480404630303
0.774651237763
0.371131262742
0.512032268569
-0.854237608612
-0.511564532295
0.092627408914
0.098622378893
0.983337313868
0.152713299729
0.969314465299
0.244455302134
-0.025905054994
-0.722837810405
-0.671742189676
-0.162073840387
0.855503559113
0.482207260095
0.188652638346
0.319503840990
-0.309083763510
0.895759186707
0.819937693886
-0.174698404036
-0.545144609176
-0.268337052315
-0.914142917842
-0.303871601820
0.523921683431
-0.848809169605
-0.070915875956
-0.220900790766
0.974991346709
0.024386731908
-0.697615356185
0.714223761111
0.056720649824
-0.277952316217
-0.005861395970
0.960576989688
-0.131910692900
-0.990448903292
-0.040131499059
