0.936348116025
0.340432806872
-0.085777089000
-0.942445498891
-0.275624550879
-0.189281768166
0.943208192475
0.094739614986
0.318406515755
0.384089085273
-0.920683759265
-0.069404530339
-0.434667845257
-0.828322134912
-0.353477444500
-0.248727631755
-0.857050936669
0.451218633913
0.342256457545
-0.182813732885
-0.921650505625
-0.640881704167
0.699054172263
0.317165419459
-0.381922938861
-0.921595202759
0.069261458702
0.726281338371
-0.687102525495
0.020137896761
-0.874796786346
0.484206210822
-0.016580883414
-0.668407207355
0.194020038471
-0.718044586480
-0.340822703205
-0.206096875481
0.917258939706
-0.329044368118
0.923690464348
0.196279720403
0.996391188353
-0.044535183348
-0.072257981636
-0.663835921325
0.076566035859
0.743948593736
-0.720885392278
0.547034282237
-0.425532306544
0.708267375827
0.703038034029
-0.063990986906
-0.036212215200
0.607510783710
-0.793485553004
0.888309537433
0.040881731547
-0.457421959378
0.484909948893
0.822527271695
0.297172050923
0.101277712733
-0.758412396535
0.643858261406
-0.735103073530
-0.677223543637
-0.031491919421
-0.612394298427
-0.687012555078
0.391135488637
-0.894706916995
-0.380489386618
0.233938790858
-0.123837738298
0.981990162283
-0.142686838284
0.397901945747
0.557783452794
-0.728389771655
-0.454309022054
-0.538055201061
-0.709999937564
0.809877546504
0.497044355609
0.311520893127
0.116574162617
0.862937862054
-0.491679477505
-0.086236071773
0.493630170822
0.865385806188
-0.924602067098
0.154250706546
-0.348306955770
0.200822257437
0.255771383643
-0.945648676716
0.768806017935
-0.205599917099
0.605529502966
0.035161870532
0.048899373971
0.998184598982
0.438047562726
-0.098132095300
0.893579555675
0.431521231309
-0.825775812380
0.363157998770
0.187163430266
0.740422243252
0.645557705313
0.615535044111
-0.674672055990
-0.407350248657
-0.441261162981
0.530683243647
-0.723646239378
0.055803370662
-0.974143160507
0.218931690790
-0.728324229829
-0.548518335447
-0.410696298815
0.450226602145
-0.515816822648
0.728854588233
-0.436032816768
-0.153236612678
-0.886788544245
0.070944649167
-0.391490872949
0.917443051003
-0.995069075376
0.061815166846
0.077565584332
0.607528002933
0.150757386349
-0.779860202223
-0.336838223971
0.200037400238
0.920067958534
-0.243837474845
0.785769297741
0.568427563645
0.708039351739
0.205045642331
0.675748887472
0.682878637686
-0.299591335468
-0.666274564341
-0.889140128158
-0.058634532616
0.453863220289
0.713166071102
-0.562044428661
0.418927457184
0.925681532361
-0.328447345644
0.187712654471
-0.308295953088
-0.589577163570
0.746560360305
0.328030558303
-0.578975096345
-0.746447445825
-0.844607465900
0.342822964303
0.411230644211
-0.325951680541
0.813599547371
-0.481467835605
-0.526229426265
0.494663409889
0.691657936200
0.070586227812
0.957504404709
0.279647812247
0.326791063882
0.346633393317
0.879234263673
-0.092293364927
-0.774083735421
-0.626319650561
0.311863175593
0.946453582495
-0.083468400873
0.884209101088
-0.380917594768
-0.270325822756
-0.261845610105
0.251881309785
-0.931661248207
0.257846987806
-0.855202435516
-0.449603962712
-0.772298683412
-0.197634048760
-0.603734647855
0.757217467763
0.453803895041
-0.469769869000
-0.570871304721
0.812574756332
-0.117593440227
0.500425953418
0.767744147219
-0.400178445503
0.547823289409
0.569337096997
0.612980351783
-0.042317743413
-0.065506498329
-0.996954414994
-0.671015072614
-0.356574669480
0.650071746670
-0.050768568181
-0.976567920297
-0.209135476500
-0.060974678025
-0.441397325136
-0.895237671211
