-0.931885795668
-0.014692144468
-0.362454139628
-0.374246355146
-0.765501707792
0.523399273865
-0.101197303273
0.994518064894
-0.026323447935
0.559154866263
0.619124965742
-0.551389255561
-0.056477922015
-0.444379104301
0.894056740217
-0.310037505813
-0.847061663866
-0.431698136032
0.192960780114
0.405912442133
-0.893309143372
-0.573635036126
0.817572243512
0.050184367225
0.635232592002
0.053222618997
0.770484850742
0.861673600040
0.303743178956
0.406520218588
-0.655116721056
-0.123285636306
-0.745401054621
-0.984956462868
0.050640864298
0.165215821005
-0.246907936409
0.571307417005
-0.782715979964
0.580323153175
-0.710159062408
-0.398621551692
-0.605891545303
-0.795230417512
0.022450304590
0.085902600549
0.846769215539
-0.524978702888
0.127275837585
-0.667508722283
-0.733643623069
0.438841647469
-0.401802256703
0.803724425845
-0.123099802993
-0.986929584295
0.104002078995
0.192868191749
0.059462010860
0.979421323165
0.592204219662
0.111209773459
-0.798076780513
0.849693270400
-0.527249451727
0.005418466404
0.143361540511
-0.154225819744
-0.977579594590
-0.326881797053
0.823670909740
0.463372983970
0.613876232877
0.721729055047
0.319786085747
0.860847060569
-0.252984306775
-0.441521546803
-0.276504081674
0.105211446062
-0.955236119218
-0.672546047717
0.362659951672
-0.645104310475
-0.516829559579
-0.356053777039
0.778532537632
0.999971277080
0.005935481749
0.004713234492
-0.453203816898
0.794370672666
-0.404452140443
-0.790690035559
0.500187119469
0.353018571623
0.861728769727
-0.232510668226
0.450957109220
-0.769450705498
0.043755930848
0.637205640785
-0.805394665338
-0.439644204453
0.397558052093
-0.864708084613
0.470673103817
-0.175347529352
0.521734059788
-0.379304924048
-0.764147462323
0.833832867444
0.546800353564
-0.075710773468
-0.704164069146
-0.533078426495
-0.469020631164
0.424765614793
-0.901526820846
0.082604859956
-0.501849930733
0.449367940426
0.739063664339
0.872674577869
0.236112886108
-0.427422255278
-0.032325582579
0.545468187891
0.837507916614
0.147933983244
-0.818412612192
0.555262397975
0.173554647714
0.885528325103
0.430950540118
0.616556809284
-0.655841493979
0.435579652898
0.411443558522
0.905662077479
-0.102422649041
0.149861264043
-0.936982695013
-0.315602644347
-0.303904149681
-0.450704380870
-0.839349645190
-0.915596351027
-0.397843635641
-0.058341769502
0.449657139368
0.504904522561
0.736803825945
-0.300428895280
0.057392750867
0.952075916342
