-0.572674401104
-0.053378483281
0.818043255247
-0.190508207306
0.502110856585
0.843558717519
-0.433456700295
-0.876046725549
0.211323026568
-0.356267608702
0.874238175340
0.329819651321
0.469072791748
-0.877777528949
-0.097351547331
0.675289242528
0.479814668186
-0.560144911520
0.088575817645
0.995982357301
-0.013170734979
0.257643251680
-0.569237107411
0.780761850998
-0.713177788071
-0.248077161610
-0.655618153512
-0.670312030241
0.481249936856
0.564871913753
-0.743871051818
0.347089933231
-0.571125585586
0.794163477607
0.424138728529
0.435213404708
0.948585315607
-0.133730836213
0.286883184686
0.641937429085
0.765883879736
-0.036581664346
0.368296905421
0.368012792431
0.853770445101
0.195776718669
-0.264232023619
-0.944379644468
-0.838885815814
0.544262072071
-0.007027319632
0.206719963811
0.820522716269
-0.532925254665
-0.980771179311
-0.094787227921
-0.170596815646
-0.322901016101
-0.597981360741
0.733589275740
-0.247507328168
-0.614243641496
-0.749296249822
-0.416472437792
0.855105562136
-0.308780155145
0.965110897087
0.204990067519
-0.162911104970
0.260080194101
0.305425676517
-0.916009523906
0.106941742823
-0.929601579905
0.352710028179
0.004497597925
-0.089965730906
0.995934705250
-0.095281279646
-0.955988792703
-0.277501178905
0.716803235002
-0.106063680723
-0.689161531627
-0.247978554107
0.565876116045
-0.786314730532
-0.931592682377
0.075827772729
0.355506992899
0.395870798267
-0.678284490481
-0.619044795632
-0.313243899494
0.013708764687
-0.949573760852
0.677396041341
-0.631442017853
0.377379887737
-0.689274666831
-0.673980549909
-0.265801899135
0.272783550434
0.818819325417
0.505098054186
0.867772678845
-0.444987772964
-0.221261063591
-0.815011778846
-0.466914547607
0.343142249621
0.626905607991
-0.122787628323
0.769358535297
