-0.312777133659
-0.867160089314
-0.387561405078
-0.475996064954
-0.433293251321
-0.765300400555
0.388865508139
0.303262807429
-0.869951311499
-0.950809136033
0.300290247425
-0.076077288017
-0.250487136655
0.879229331389
0.405230769888
-0.291968139820
0.815562582575
-0.499612127431
-0.737607166171
0.537903200835
0.408161504194
-0.568928136490
-0.812018931843
0.130176911131
-0.006937783211
-0.993691755459
0.111931054853
0.815495145507
0.564324019477
0.128475941718
0.027757533826
-0.611007868312
-0.791137726046
-0.367830197327
0.512622993439
0.775834138505
0.753667316400
0.482089021243
-0.446739018895
-0.625899487175
0.071294621564
0.776638208888
0.400823907927
-0.230680081062
-0.886637971736
0.877902568318
-0.419505907223
-0.230871983804
0.560542682186
-0.827898191288
-0.019403233193
-0.693425061181
0.478808044456
-0.538427840918
-0.201131019741
-0.784329785034
0.586833110079
-0.604230575264
0.794900801033
-0.055119201541
-0.947108975612
-0.319616430439
0.028808410279
0.795946706086
-0.039371210150
-0.604085050523
-0.341158775613
-0.352680120617
0.871336571872
-0.164796897210
0.467052822933
-0.868736808188
0.875485604629
0.093295812607
0.474152766168
0.193888791837
-0.905794003978
-0.376755035482
0.487865501083
0.858449687250
-0.158276296221
-0.711747062393
-0.464196744375
0.527197780088
0.858597187325
-0.436748110689
0.268443579786
0.438282594085
0.111018296331
0.891954765655
-0.923190861940
0.032501401380
0.382965127937
0.603916849941
0.521467998624
0.602789816447
0.564356097020
-0.597204686143
-0.569955048151
-0.532741593197
0.086749756709
-0.841819977388
0.382645418867
-0.779832794331
0.495422339998
0.127202668227
0.603284467943
0.787316537462
-0.737578699365
-0.583634104580
-0.339630523697
-0.065341798589
-0.074661464430
-0.995065884665
-0.087231716141
0.102779924870
0.990871794522
-0.035975136794
0.994869233109
-0.094556843862
-0.873601257801
-0.077193392441
-0.480481031351
0.994671689346
0.074530793354
-0.071227735840
0.162219185382
-0.419410851784
0.893185015768
0.630092939362
-0.334869740531
0.700603413396
0.241905656643
0.764879924245
-0.597026258707
0.322914729826
0.884119999595
0.337724595331
