0.801265387796
-0.122891034000
0.585552363656
0.661850721575
-0.011666167527
-0.749544876628
0.028584212996
-0.245573149994
0.968956536613
-0.401288839057
-0.848263968714
-0.345565486699
-0.028584212996
0.245573149994
-0.968956536613
-0.191934221424
0.839280728251
-0.508693534881
-0.780778493732
0.321280248463
-0.535876799375
0.325103001669
0.450287592597
0.831594324671
-0.938778836280
0.252711838111
0.234160249121
-0.590577770956
0.803148299456
0.078553834930
0.422366654500
-0.736872075126
0.527850313112
0.213445922360
-0.970753025264
-0.109906327911
0.208153214306
-0.574006509967
-0.791952501982
-0.530328636989
-0.308600842021
-0.789630961604
-0.911194388755
-0.404952502809
-0.075751268305
-0.395437810570
0.490773593076
0.776382776909
0.099674737081
0.965221604332
0.241686161608
0.980032950640
0.146781191230
-0.134129399434
-0.352621744387
-0.824985351413
0.441652661189
0.737166572362
0.616375665180
0.276887129992
-0.687057518400
-0.232429235242
0.688424734399
0.519419446588
0.709829053842
-0.475758500397
0.811519651674
-0.560269100592
-0.165934892371
