-0.373959003948
-0.907134258188
0.193033931777
-0.449841700494
-0.877534121275
-0.166061162017
0.963256151415
-0.164075010456
-0.212642836384
-0.605778687634
-0.225440643728
0.763026013039
-0.809266236611
0.528610036708
0.256241266616
-0.056248934940
0.775352681056
0.629018501379
-0.319757365622
0.655928147957
-0.683749581687
-0.728078747168
-0.163115601055
-0.665803752840
0.624559213407
-0.668533318676
-0.403718948364
-0.796553839929
0.166248729452
-0.581260129809
-0.386748359539
0.031367965043
0.921651645564
0.935961537063
0.352081557736
-0.003818018362
0.073401123285
-0.788197925314
-0.611028889194
-0.233305265196
0.964506937191
0.123673036695
-0.740926031955
0.666834422387
-0.079752537422
-0.950956800953
-0.204474202357
0.232102267444
-0.930112213828
-0.347876464948
-0.117784694768
0.192140847445
0.242098852061
0.951036297716
-0.585285399109
0.614339135587
0.529177121818
0.813806993887
0.509774828330
0.279012183659
-0.948168557137
0.172562602907
0.266830533743
0.589519658126
0.512700479478
-0.624183298089
-0.129662963562
-0.989996857941
-0.055621369742
-0.740960136987
-0.645041794516
-0.186813160777
0.131115322001
0.991040961817
0.025428004563
0.529088527896
0.170307904482
0.831300514750
0.782721626572
-0.547693019733
0.295599745587
-0.606685425155
-0.688343262300
0.397638463415
0.793665040284
0.012608374469
0.608224325813
0.563485237770
0.657286544330
0.500458573923
0.304621784948
0.423710685223
-0.853038582020
-0.281625566073
-0.306429629214
0.909278791398
-0.553497630171
0.132983075455
-0.822165356949
0.747365645133
-0.662204968743
-0.054121812806
-0.835112386383
-0.525091325864
0.163909730501
0.353054768406
-0.821658845991
-0.447469630279
-0.458616018295
0.879958036356
-0.123875748366
0.630204920657
-0.077838021331
-0.772517313249
0.929014217108
-0.368256571703
0.036327407695
0.947855662555
0.149381778203
-0.281522160396
-0.310564637184
-0.796681866050
0.518505168147
0.296712573618
-0.096094906330
0.950119685382
-0.916000703350
-0.126481172629
-0.380716722459
-0.525262652896
-0.466505965218
-0.711667990312
0.237365964800
0.914447817951
-0.327784358524
-0.483657347970
-0.534872273915
0.692811098881
0.918787897564
-0.193684429862
0.343969679438
-0.779649172910
0.318110812455
0.539400292560
-0.235134747811
-0.667264983058
-0.706731271930
-0.635148778558
-0.767801361158
0.084066023119
0.621615285985
0.758072101511
0.197284373455
-0.169817167334
0.308499833569
0.935943364166
-0.772512529977
-0.396351050586
0.496115142480
0.556058120914
0.236453555524
-0.796799272299
-0.289569431916
0.601795250550
0.744306401350
-0.000923528336
0.573294715956
-0.819348713383
-0.201816017739
-0.888890876435
-0.411270353012
-0.660108495504
0.090252646245
0.745728658512
-0.595089121722
0.444704729132
-0.669407677837
-0.239933182485
0.014053842053
-0.970687671565
0.080330363475
-0.372832111083
0.924415084533
0.331930621527
0.052083335817
-0.941864845343
-0.774488748051
-0.442554278299
-0.452009832487
0.657993543893
-0.399482590146
-0.638324490748
-0.807212877087
0.461446760222
-0.368068277836
-0.476322980598
-0.179131773300
-0.860829962417
-0.220033818856
-0.362900194712
-0.905476982705
-0.294977470301
0.365328692831
-0.882906131446
-0.048017726280
-0.034520057961
0.998249799944
-0.938972610980
0.181532505900
-0.292192374356
-0.102601597086
0.970850500278
-0.216615367681
0.788009385578
0.206199879758
-0.580105866306
0.218874451704
-0.652618040331
0.725385184400
-0.999250886030
-0.002993386239
-0.038583738729
0.812783128582
0.470084199682
-0.344099446200
0.379470220767
-0.304586652666
-0.873629967682
0.426095222123
-0.415752782486
0.803487700410
0.021809081547
0.933289638720
0.358461730182
0.223570675589
-0.971505156718
0.078701220453
0.840305996127
-0.437656037509
-0.319910962135
0.279800125398
-0.863900141791
0.418794022873
0.029659346677
0.228788834065
-0.973024147563
0.471293989569
-0.870843812823
-0.139689042233
0.386006611399
-0.608301407658
-0.693518775515
0.067865803838
0.547210836783
0.834238893352
0.126113319770
-0.953947866336
-0.272174389102
-0.321522494778
0.833905830048
0.448580371216
0.923642657697
0.184837999754
0.335736733861
-0.585191931576
0.696834552102
-0.414695080370
-0.929433595389
0.367955079302
-0.027608864009
0.546248060651
-0.812238510698
0.204650084488
0.299590834416
0.713602617383
-0.633258743212
0.533892217092
-0.651285816915
0.539245662279
-0.311252874322
0.851710326970
-0.421558021568
-0.566041047685
0.798009284772
0.206830153242
-0.518670807593
-0.714035260491
-0.470249123871
0.585872622207
-0.143620992079
0.797575250268
0.725397591479
-0.357112403959
0.588446313515
-0.502536862157
0.360798704438
0.785672320053
-0.145715052262
-0.603176848032
0.784184169956
-0.001742391847
-0.817042785697
0.576574409381
0.849155629985
-0.128433177248
-0.512288624421
0.720074944198
0.358653544448
0.594019955955
0.558993421495
0.743023283780
-0.368025478907
-0.052979300730
-0.955697984435
0.289541975595
0.256783650257
0.758018585853
0.599558153190
0.753314147703
0.653923122212
-0.070016744547
-0.017097900622
0.828674446791
-0.559469679371
0.350721586496
0.890428823419
0.290053232573
0.998331935145
0.002332749777
0.057688000612
0.081368635409
-0.515462536365
-0.853040161543
0.064517161809
-0.161085116677
-0.984829487279
0.413235846907
0.484246089123
0.771195084788
0.460777988657
0.885396244936
-0.061295454390
-0.848272199742
-0.051865591668
0.527014452964
