0.689150441438
-0.148072144948
0.709328068420
-0.877944926731
-0.478067417629
-0.025773036294
-0.363495038822
-0.827888730913
-0.427166950889
0.451323023997
0.534790943377
0.714357174933
-0.929873023182
0.180078550242
-0.320792573504
-0.554526201449
-0.367388834246
0.746676726267
0.337428526022
-0.926481487229
-0.166655462235
0.065354902297
0.872927516699
-0.483452464454
-0.017050725408
0.952832376584
0.303017712198
0.704486478120
0.437108841725
-0.559137425385
-0.389960943721
0.492967575788
0.777761808597
0.167554248124
0.173565917648
-0.970464035869
-0.907604095526
0.171616964974
0.383148040622
0.818701780401
-0.551308843307
0.160580051132
-0.332304233685
-0.906382240355
0.260854612105
0.604217621498
0.795882324688
0.038631455973
-0.469346821308
0.504858707078
-0.724452376366
0.977169754915
0.180699248798
0.111745472997
0.215974121355
-0.732018048875
0.646146077663
-0.550547852181
-0.237422774546
-0.800329610705
0.052553512156
-0.057929683477
0.996936446987
-0.618757550605
0.785572018474
0.003961849026
0.150564104319
-0.550796123222
-0.820947062224
0.776932897046
-0.299144658260
-0.553974498995
