0.641652639955
-0.602347544394
-0.474825571291
-0.638638527133
0.653662755154
0.406036737375
0.437161392532
0.028660843149
0.898926287889
0.152636058629
-0.144283030182
-0.977693530731
0.222422489896
-0.760199689306
0.610429903492
-0.513893199153
0.381780370139
-0.768217109144
0.649571622722
0.754380609840
-0.094692138024
0.214038434438
0.971621239558
0.100696149282
-0.208240229636
-0.802591483109
-0.559001714922
-0.518302483484
-0.189980116673
0.833828573115
0.124270613305
0.398584688082
0.908673241735
-0.600072121248
0.685015120544
-0.413119512610
0.865954993293
-0.341606117785
0.365276892669
-0.898987244815
0.275933618657
0.340121406130
0.215265340172
-0.907617023215
-0.360405565239
-0.863180358894
-0.158100968227
0.479503650218
-0.204481420107
-0.558054429479
0.804215518758
-0.216658609919
0.923762581311
0.315787489526
-0.214058396406
-0.971660910174
-0.100270017982
0.558408080600
0.459563444369
0.690638729371
-0.062635641545
0.323215748183
-0.944250155240
-0.554372915998
0.832177337259
0.012310490012
-0.889181879349
-0.285858001560
-0.357268508524
-0.284570666030
0.636640864424
0.716734221205
0.771033283323
0.161635648459
-0.615939600393
0.164079116657
0.786558324471
0.595318439417
0.545759391040
0.762669525109
0.347105001099
0.869636896066
-0.491551849060
-0.045917833224
0.250166120008
-0.609163567424
-0.752553425729
-0.188768828288
0.960295607336
-0.205423160456
-0.631473225541
-0.718398585916
-0.291796221398
0.813645951450
0.059619991109
0.578295530751
0.252205062658
0.889999401756
-0.379860066809
0.558005236089
-0.824955797754
-0.089878178202
0.995520093478
-0.010183196515
0.094000243582
0.911235448904
-0.172722456977
-0.373920992017
-0.304476330057
0.231218397617
0.924030419439
-0.152937470004
-0.467707950622
-0.870551206172
-0.184611562639
0.739494699985
-0.647353193723
-0.874128278345
0.246496422216
-0.418496433645
-0.568972131237
-0.808819516562
0.148599132895
0.915959104896
0.339094676077
-0.214554697275
0.219538902864
-0.400085294619
0.889794597402
0.860632630065
0.435574318282
0.263792509213
0.228895708919
0.618722971529
-0.751524209045
-0.999997864477
0.001280794851
0.001621817239
-0.877581824549
-0.469271556474
0.098154704086
-0.046575561166
-0.092598411255
0.994613618590
-0.709227451123
-0.038757480681
-0.703913544305
0.194429147057
-0.967957690358
0.158918893896
0.616808990017
0.578679504804
-0.533551027067
0.596667209640
-0.395903851837
0.698031789623
-0.211738566868
-0.881311627105
0.422441230156
-0.865849612281
0.499081471004
-0.034959011711
0.603886957280
-0.722753485665
0.336077284068
-0.616008613259
-0.574080945924
0.539411210455
-0.662165670656
0.265684208833
0.700677189045
-0.336034437642
-0.060344341211
-0.939914579503
0.421138552018
0.229542564601
-0.877469389699
0.586131601594
-0.238160877489
-0.774421810172
-0.559708252549
-0.465155680664
-0.685825679451
