-0.720961669460
0.686832956970
-0.092058453709
0.249498421326
0.835871354677
-0.488947455771
-0.539846649393
-0.686065806076
0.487728719600
-0.337610199116
-0.189499855973
-0.922013642266
0.298232790083
0.100330797955
0.949205421843
-0.165047272108
-0.377739259042
0.911083118990
0.134334808215
0.728741860017
0.671483030543
0.812808524817
-0.188580502756
0.551162131131
-0.917309770361
-0.377878665924
0.125500989147
0.681218395941
0.429380507208
0.592936654575
0.474027023651
0.329006329179
-0.816733257845
-0.335208998993
0.785048318096
-0.520897364244
0.761868783273
0.533800478093
-0.366896450520
0.285944364965
-0.253832605667
-0.924015599303
-0.134334808215
-0.728741860017
-0.671483030543
-0.079113829881
0.372981879860
-0.924459581263
-0.465593351051
0.740346072242
0.484881969169
0.546379048377
-0.679575293325
-0.489537899382
0.382842401043
-0.526645790786
0.758996643126
0.540541389957
0.830820999108
0.132481968962
-0.492021203972
-0.864096699283
-0.106075573713
0.966284004040
0.246371677145
0.074807879515
-0.334464550018
0.287108305842
0.897609204054
-0.685299745761
0.277597264387
-0.673278558068
-0.696049157530
-0.176741000265
0.695900990628
-0.096581832506
0.993588900194
0.058762630448
0.927178096958
-0.371781305410
-0.046037329361
-0.017494163476
-0.897062642500
0.441556981765
-0.974811499007
0.113378779031
-0.192061949521
-0.869676010683
0.277709084563
0.408094719052
-0.748030005023
-0.414344404824
-0.518430153839
0.832858621143
-0.080253429711
-0.547636652365
0.121985154226
-0.980226723477
-0.155804981478
0.593452890404
-0.775849719532
0.214174879715
