-0.009018554352
-0.344725777395
0.938660110347
-0.962260694243
-0.005718544126
-0.272069205530
0.956738892011
-0.042041072622
-0.287894492969
-0.856849869713
0.265561503358
-0.441911063157
-0.083006493747
-0.484382690862
-0.870909484103
-0.678529041819
0.734046234749
0.027829161845
0.099138710648
0.387830795720
-0.916383538395
0.980713730678
0.191104883328
-0.040981720202
-0.508156886324
0.799184043892
0.321062985808
-0.804733409546
0.539671208709
-0.247303708456
0.006385616027
0.357182933949
0.934012619779
0.514505508356
0.816998218186
-0.260380475782
-0.864833422005
0.499625778757
0.049368337728
-0.814006523229
-0.580649347976
0.015482680872
-0.399469931610
0.116647942923
-0.909294798039
-0.694101554342
-0.372011292726
-0.616304007359
-0.662385046482
0.210901495069
-0.718864805065
0.092507850379
-0.211203101091
-0.973054749891
-0.250155198388
-0.700305441394
-0.668576595373
0.667359630577
0.679655439220
0.304466098547
-0.916717361659
-0.008048146963
0.399455261417
-0.256715268828
-0.195591295138
-0.946488940157
0.490803943016
0.650621865876
-0.579484837130
-0.422155237757
-0.445887163281
-0.789284227416
0.665449228138
-0.148281349801
-0.731566787697
0.730879660696
-0.244372883812
0.637257259339
-0.140963920392
0.604255932383
-0.784221868962
0.685722898692
0.375876526348
-0.623298437335
-0.947013590485
-0.304817274213
-0.101250617765
-0.561164899729
0.304836774245
0.769524849951
-0.445903420448
0.447258679196
-0.775325616822
-0.560769162141
0.580727924593
0.590163555928
0.536967157386
-0.547438348643
0.641854753718
-0.095365730114
0.995012971573
-0.029232911766
0.099219339900
-0.716516722925
-0.690477592871
-0.272487197071
0.196297989227
0.941922409460
0.530208348297
-0.750804886222
0.393917666748
0.813226673752
0.064871011302
-0.578320090659
0.992103811353
-0.117521363311
0.043803602457
-0.342644143850
-0.866084148176
-0.363996203989
0.946363555267
0.142222283408
0.290118669160
-0.298170336522
-0.477662909776
0.826397358440
0.583782952279
0.303832458332
0.752916529775
0.221671302803
-0.889347627759
-0.399903275073
0.717605265789
0.695999121293
-0.025058018975
-0.051570252515
-0.979072191752
-0.196870900691
-0.067996963859
-0.870803449303
-0.486906319857
0.801953467540
0.077070498839
0.592394101433
0.145855053328
0.969613223337
0.196409009397
-0.298079232685
0.507146290503
0.808672621846
0.380337352864
0.836338798515
0.394817565568
-0.566548879258
-0.533288166858
0.628192721866
-0.274168398231
-0.159927476197
0.948290510103
0.766897737980
-0.481496466324
0.424298256636
-0.546234816313
-0.653656803071
-0.523794145323
0.908528411761
-0.365115207620
-0.203142826445
0.407205375843
0.410125655122
-0.816076422110
0.258110954426
0.848459280096
-0.462055822834
0.571701549925
-0.432420390658
-0.697258877568
-0.660622941330
0.521325202659
-0.540182710625
0.298978579231
0.478480906226
0.825631775893
0.875495586544
0.450147347525
0.175712383352
-0.011883799918
0.647596633062
0.761890658177
-0.198939106427
0.339841763489
-0.919201178476
0.725190304220
0.585435210727
-0.362442596816
0.901225356385
-0.416253230534
0.120524286292
0.522428369150
-0.850374755450
0.062700667419
0.703611177392
-0.572462887503
-0.420972150750
0.260942702182
0.718541832641
0.644675530493
-0.790953063406
-0.292834744789
0.537253256887
0.887717656791
0.279840574600
-0.365577097051
-0.560843800195
-0.264036681503
0.784690296277
-0.011235477403
-0.880171242170
0.474523283541
0.877166440710
0.462934791110
-0.127555532381
-0.754138902761
-0.562590517104
0.338771935552
-0.755591416731
0.567869676277
0.326505192555
-0.790551847778
0.307269630954
0.529729316942
-0.782654657960
-0.536689037457
-0.315303918906
0.782759598456
0.392973385751
0.482554999180
0.303615902551
0.174207868055
0.936733153649
-0.295976106077
-0.907470548525
0.298153227195
-0.740442082286
0.012612712570
0.672001816332
0.494417134672
-0.304501649924
0.814143992029
0.564058361575
-0.007017736323
0.825705101714
-0.062039533630
0.077357318252
-0.995071324520
0.754297696054
-0.647036723793
-0.111258536577
-0.285584495403
-0.739660527557
0.609379847534
0.727938870899
-0.660111027770
0.185360267758
-0.013938878663
-0.654389724135
0.756028965116
-0.933779181913
0.270819144323
0.233909017406
0.266950791702
0.105926163495
-0.957871035673
0.265741496347
-0.481627055444
-0.835114862770
-0.389364184812
0.717878167517
-0.577101781964
0.004390696064
0.013748950325
0.999895838089
-0.997505577281
-0.017716079950
0.068328340538
-0.572989293374
-0.130500188097
-0.809106277302
-0.025805055164
-0.990318132564
0.136396828108
0.471892603673
0.877377957106
0.086748424917
0.187807225622
0.656683110632
-0.730407925323
0.509959191084
-0.816234194674
-0.271483630873
0.419778794982
-0.693487082608
-0.585543702357
-0.574107351713
0.764866401441
-0.292198793963
0.912006590515
-0.177504565567
0.369778455235
-0.588534669951
-0.797854128294
0.130597588606
-0.924142135307
-0.308656362817
0.225150087848
0.821828004904
-0.272253532894
-0.500476515852
-0.335702217184
-0.941380294971
-0.033274029382
-0.602426836267
-0.774367948063
-0.193484334275
0.037005467340
0.868510828353
0.494286895730
-0.809564542025
-0.039263526909
-0.585716336966
0.244152065367
0.961643995717
-0.125022372231
-0.957996782847
0.262980044819
-0.114383822307
0.011110130697
0.950093257241
-0.311768128537
-0.067884799093
0.818649528548
-0.570267132483
-0.521443068050
-0.743650967255
0.418426055461
-0.202517728321
0.938842786476
0.278497381136
0.410604364239
-0.186022872105
-0.892636289820
0.267741631716
-0.921212029643
0.282281444408
0.253856784664
-0.964849287644
-0.067989590578
-0.414723967202
0.909946086816
0.001466131769
0.270215009339
-0.755436356179
0.596908501349
-0.504608364776
0.021355350502
0.863084205426
0.540431712754
0.593290996738
0.596606532112
-0.288049494848
0.905436700210
-0.311788179912
-0.277383414097
0.768781566992
0.576223343611
0.565080322325
0.125772900879
-0.815392792225
0.270358959213
-0.161562966183
0.949106653221
0.258139584213
-0.498650489375
0.827473046258
-0.878349190578
-0.265718591399
-0.397361709736
