-0.663690790534
0.332848207094
-0.669870587066
-0.069294996560
-0.758040853776
0.648515432142
0.402828907594
0.855949613266
-0.324159109965
0.274102820083
-0.928447829559
-0.250703551807
-0.661872977391
-0.307026427239
-0.683855930343
-0.368791980669
0.910536860116
0.186855828390
0.324672586285
0.513003871776
-0.794616094790
0.616281931289
0.754786077887
0.224709938280
0.520032324828
-0.006541498005
0.854121530429
-0.870413358323
0.429860249162
0.240001563914
0.262450132519
-0.555610530078
-0.788934006356
-0.444416102953
0.804542654194
-0.393961220980
0.719545172527
-0.233006455004
0.654188607819
0.019200656563
-0.998791000806
0.045253407210
0.474482870661
-0.719778204337
-0.506739913486
-0.218854147010
-0.920056945644
0.324958578683
-0.208567588590
0.005715844221
-0.977991252206
0.616336796433
-0.559524302371
0.554131308571
0.586633821018
-0.416119422764
-0.694770022295
0.145894736983
0.778329374269
0.610670213588
-0.696737097576
-0.715842720121
-0.046115241945
-0.591205884703
0.801064934582
-0.093651326373
-0.462294710800
-0.599971950985
-0.652929748408
-0.832013624720
-0.492215124890
0.255885906518
0.423818521202
-0.381660493091
0.821409231983
0.131479404867
-0.004670614377
-0.991307899356
0.382925172336
-0.919538396411
0.088416335173
0.618301025592
-0.769102692604
-0.161817453802
-0.829244192690
-0.200159619562
0.521814329550
0.539002629928
0.369299340062
0.757029827684
0.050972017460
-0.486028610729
0.872455180623
-0.390291744843
-0.735451169312
0.553880791180
0.274802413769
0.902116072364
0.332671345212
0.906108438969
-0.086784278974
0.414048288949
-0.974351500161
-0.151412892155
0.166473086923
-0.838604065590
0.539161493070
-0.077769556083
-0.368038907647
-0.929810389876
0.000004209578
-0.058198156767
0.064548372291
0.996216082014
-0.718040497974
-0.574823434465
-0.392423063517
0.666005809791
0.731024947017
-0.148454662412
-0.696154607460
0.122679689899
0.707331927493
-0.698170812801
0.588212914765
-0.408121405169
-0.468638449907
-0.820827162825
-0.326528360136
-0.976471037604
-0.051946735010
-0.209298468195
-0.394289718010
0.100334270857
0.913492556661
-0.353490348905
-0.319404017180
-0.879218770191
0.367236484773
0.930126597174
0.001369813457
0.758811314590
0.479532458819
0.440742563456
0.655431665480
-0.026928604580
-0.754774257541
-0.323742405511
-0.512092086487
0.795583150350
0.204370978288
0.780854983255
-0.590337188914
-0.112184803933
0.895223444328
0.431265060790
0.657485025935
0.338579469360
-0.673110229895
-0.547789612785
0.015205354430
-0.836477935314
0.474958372302
0.674995999783
0.564619290642
0.977244417183
0.179217590950
-0.113465424627
-0.670761850663
0.701877383515
0.239680362865
-0.104547776282
-0.955078830943
-0.277298011817
0.942081565037
0.212619223632
0.259374997579
0.013133316301
-0.314758323133
-0.949080983177
0.377504162490
-0.214975167066
-0.900708767585
-0.642833050340
-0.508304640651
0.573055023327
0.872359897010
-0.487633708864
-0.034663737752
0.875539552420
0.117902080528
-0.468539849855
-0.906190487556
-0.412497278303
-0.093084881082
0.813698099926
-0.217764426023
-0.538956450298
0.002000859939
0.995166645385
0.098180157132
0.775274144486
0.148381807841
0.613948563114
-0.140628268942
0.842484103516
-0.520042521879
0.985983956605
-0.138695632108
0.092731649056
0.208218523301
0.536596093327
0.817746708170
0.768410160206
-0.516307996586
-0.378116221167
-0.251179682091
0.954628734849
-0.159977326170
-0.455297566019
0.435214752331
0.776718895882
0.951719019562
-0.185952240601
-0.244238962419
-0.893098150380
0.288312205113
-0.345328488387
0.124331612140
-0.815332803875
-0.565485691652
-0.979682272300
0.199262975715
0.022735659964
-0.204700904898
-0.228349722922
0.951816128567
0.133300995454
-0.912908652797
0.385783145204
0.401799514890
0.178418359719
-0.898178176954
-0.712583073415
0.454160606489
0.534755556844
-0.560408459045
-0.217769579031
0.799073693343
-0.820248038508
0.018078775145
-0.571722233668
-0.113375810906
0.374965213239
0.920079895295
-0.906015905552
0.134018504061
0.401465089060
0.686412787996
-0.701222768053
0.192676185630
-0.215733020566
-0.805115878582
-0.552492248826
0.444740633480
-0.801423472352
0.399907720275
-0.414780970663
0.613362899050
-0.672118069604
0.090398067608
0.960868773982
-0.261838477105
-0.059987927787
0.606772484258
-0.792608730495
0.037596136332
0.311586784199
-0.949473646469
0.852206116542
-0.408428165130
0.327003314160
0.827939326875
0.453055885620
-0.330540214665
-0.156703290530
0.664228433743
0.730920422822
0.248147642240
0.214670237154
0.944637198001
0.860975736752
0.505140910856
0.059610730037
-0.865687158890
-0.281917831860
-0.413652121089
0.279110123403
-0.686180973426
0.671753831208
-0.575954319909
-0.768145231530
0.279695411213
-0.335825573653
0.335212158039
-0.880257911980
0.562746323645
0.641199327074
-0.521708726883
-0.444960086606
0.728082963265
0.521445795894
0.188593770377
-0.160834274255
0.968795501627
-0.108222894371
-0.599175837822
-0.793269259855
