0.687020787038
-0.394069360569
-0.610501249321
0.061078052968
0.723777825944
-0.687324617058
0.798737069592
0.005215634592
0.601657618769
-0.751097897068
0.563526040874
-0.343933639117
-0.352187438868
0.432987932116
0.829750237986
0.398089054972
-0.078663254157
-0.913967831060
-0.154707054608
-0.876517562196
0.455831864849
-0.468502487056
0.737600485794
0.486262214370
0.022031969391
0.683591552079
0.729532165453
-0.054116055369
-0.226419793442
-0.972525335848
-0.625257202424
-0.687368155457
0.369565214962
-0.474593652412
0.880195454694
0.004101810977
0.970537463203
0.205632740632
0.125587445684
-0.952188143507
0.095311338082
0.290264513344
0.760773288086
0.453911990859
0.463883506134
-0.770056433976
0.134260441177
-0.623688400723
0.416996917687
-0.135153258219
0.898803185672
-0.862610128708
-0.319523398764
-0.392184346914
0.829978517257
-0.523528774269
-0.192492291331
-0.448095547967
-0.024931138381
0.893637967296
-0.824981317855
0.543044920079
0.156550431624
0.474758497439
0.785956144333
-0.396077399142
0.032589627430
0.218981559388
0.975184593350
0.000440762378
0.974006091245
-0.226521388628
-0.938787777908
-0.324388394132
0.115972744301
0.322013838217
-0.830892040394
0.453790153377
-0.414738416672
0.501558835618
-0.759230385534
-0.013937801123
-0.904302732088
-0.426664160565
-0.390824016184
0.083929858170
-0.916630987078
0.039991433732
0.293060850352
-0.955257045105
0.642892405391
-0.751708976924
0.147047501989
0.962232688442
-0.083515775390
-0.259101076983
0.739394138567
0.671495303512
0.048891337588
0.755651742220
0.070072973147
-0.651214420795
0.356031303294
0.933342184871
0.045979077928
0.472996389493
-0.808552281000
-0.350025173277
0.154503703117
-0.591480245814
0.791378369555
0.454703979194
0.373337055556
0.808618409559
-0.185552857816
-0.618798523210
-0.763320720755
-0.508956407197
-0.727243225090
-0.460522166453
-0.767078200355
-0.243598525412
0.593507194892
-0.359295670874
0.818009689450
-0.449184558354
-0.047347154468
-0.235335368663
0.970760273747
0.637070965953
-0.482539662160
0.601079077460
-0.055514397100
0.952808860689
0.298451715149
0.173255489208
-0.984319736250
0.033123868518
0.416874782182
0.775509042665
0.474131984636
0.927014459856
-0.301588016562
0.222909979522
-0.551509988494
-0.320472202264
-0.770152126439
-0.332507384010
-0.943003154360
-0.013560562395
-0.369699866511
-0.528091426939
0.764487705193
0.481319976039
0.437094820663
-0.759788915515
0.274299513549
-0.581197276711
-0.766139348038
0.838072607294
0.419313738123
-0.349013313651
-0.731335231103
-0.677035406232
-0.082291176543
-0.730812923051
0.298853772692
0.613676537760
-0.975972210057
0.134079914540
-0.171758026816
