0.129362172447
-0.968374269083
-0.213346435688
-0.914332979359
0.321789743379
0.245858826675
0.209671230055
0.944966504350
-0.251149915159
0.840740690008
0.496544986963
-0.215866085142
0.453708385117
0.752382921055
0.477565324865
0.648362530395
-0.538701643236
-0.537983797491
-0.749490100890
0.343273314647
-0.566063617356
-0.461331275292
-0.703788458370
-0.540236297995
0.853104786016
-0.424354630522
0.303538084961
0.610487182625
0.542843597941
-0.576737570576
-0.931449268945
-0.348359417170
-0.105109345168
-0.436522793956
0.343879260123
-0.831381322816
-0.527219404466
-0.626353608444
0.574213249609
-0.733342327178
0.673838438466
0.090281714685
0.304407359101
-0.014964533970
-0.952424391173
-0.099428024143
-0.859570886008
-0.501250394620
-0.944259933196
-0.132340338081
0.301428617910
0.719102979638
0.677592736669
0.154139505699
0.572926094756
0.208672461100
-0.792597939260
-0.115270340815
-0.631904227659
0.766426639631
0.155410289764
-0.850511406548
0.502471877262
-0.081009689718
0.996707256883
-0.003474734724
-0.276890003122
0.718490719795
0.638046244159
0.527866816148
-0.814215247519
-0.241681925952
0.987792979926
-0.145174471661
0.056474781595
0.022348523140
-0.282666896470
0.958957751282
-0.328673693351
-0.925874828361
-0.186358270235
-0.699986339547
-0.693406701088
-0.170898420736
0.355645005591
0.927370396443
0.116192843765
-0.046078168787
0.437454732135
0.898059106432
0.122483652085
0.712595688179
0.690800361335
-0.125079276040
0.886720729992
-0.445063501596
0.625310556963
0.099915501662
0.773953227326
0.897041515447
-0.211559981108
-0.388019191101
0.027340060100
0.922570630908
0.384858352132
-0.915800058283
-0.018055925146
-0.401228408329
-0.706105748191
0.640322261490
-0.302327756770
0.402673049830
0.454143143259
0.794737956487
-0.399121766910
0.876934582368
0.267745312303
-0.459545517340
0.378680086695
0.803379927762
-0.802775884047
-0.541903396137
0.248780201189
-0.037335088477
-0.242282011546
-0.969487244263
-0.079716461711
-0.986168591306
0.145316190086
-0.559558432549
-0.003056404181
0.828785265796
0.888779447414
-0.006352807395
0.458291102201
-0.999168721959
0.032475569285
-0.024641465396
-0.076590107754
-0.608611036092
-0.789763610810
-0.353937905282
-0.025294151157
-0.934926822782
0.742379873060
0.423156063072
0.519433410838
-0.382482519373
-0.339573818259
0.859300146811
-0.440459413454
0.882270257920
-0.166116510518
0.846418140456
-0.513233220205
-0.142014055513
0.654853028245
-0.173484228551
-0.735575103201
0.277836497873
0.433781927451
-0.857111497782
0.829634563997
0.181539027020
-0.527967869304
-0.047708703205
0.214769463986
-0.975498824380
0.939233349636
0.298737396486
0.169105532579
-0.680590000004
-0.035395580344
-0.731808993034
0.544469328597
-0.693060986698
0.472461232916
-0.452406140044
0.679066023789
-0.578098623082
0.302290778607
-0.560315156356
0.771146684885
0.329760448076
-0.434769492596
-0.837993755937
0.400861362927
-0.203446928412
0.893263407052
0.284003714100
-0.763839256018
-0.579561455175
-0.509017091244
-0.841264016926
0.182144044898
-0.792392195202
0.168828191236
0.586183972657
0.215240233578
0.122230563313
0.968881484121
-0.235307997093
-0.851923986338
0.467820122838
0.562097573653
0.790762051009
-0.242366859689
-0.654597233050
0.578446675092
0.486725697294
0.341386088170
-0.928732660599
0.144606996328
0.674430205487
-0.729229088873
0.115623670630
-0.095681775361
0.609952949919
-0.786639939994
0.263240188360
0.760764074512
-0.593247524463
-0.915110915899
0.363356305286
-0.174769007601
-0.439887380227
-0.390341430902
-0.808784679510
0.973373916000
0.131961363368
-0.187428431585
-0.761823427863
-0.405258079991
-0.505362198688
0.677114478312
-0.329198705964
0.658136911690
-0.204962764867
0.059060167521
0.976986263879
-0.742259722203
-0.282261370681
0.607765598223
