-0.270804643631
-0.101297215559
-0.957289777696
-0.611102407798
0.086625783704
-0.786797190085
0.088507551700
0.206975229084
-0.974334473722
0.078748345375
-0.574729522690
0.814545684494
-0.312896293588
0.475650198758
0.822102667764
0.741989068687
0.510441984981
-0.434627656825
-0.894712867215
0.018251865171
0.446268701926
-0.676877679303
-0.733960848302
-0.056018556468
0.869366086088
-0.303568564355
-0.389934269711
-0.999463916756
-0.000714959577
-0.032731731422
0.876572675072
0.479262749664
-0.043904004619
-0.911381773651
0.357495008968
0.203913165256
0.506214547902
-0.414474021643
0.756279124878
0.510498858988
-0.858901442960
0.040978336707
0.519180010073
0.052490032278
0.853051530197
-0.558454222046
0.780270700343
-0.281614122912
-0.594989808276
0.078917105682
0.799849497154
0.062485218979
0.637770151719
-0.767687976360
0.054015102796
0.715726493858
0.696288699284
-0.678146861494
0.444301648997
-0.585416840389
-0.662050900981
-0.654907050543
0.364397253841
0.575884482823
-0.358263504691
-0.734849863686
0.378040510230
-0.787108584307
0.487386343069
-0.090237963013
0.915571349673
-0.391900769435
-0.351489238441
-0.903887232766
0.243809727952
-0.340875916183
0.692826889455
-0.635448274203
0.465940931812
0.528249984607
0.709824627265
0.737322943285
0.587977608666
0.332621716894
0.206464476883
-0.928999742493
-0.307134981267
0.227776774205
-0.661889350042
-0.714157004841
0.967529410496
-0.237616686150
0.086169308051
-0.697070356458
-0.330720852129
0.636173430830
0.392052023672
0.844475779682
0.364905284718
-0.295549626462
0.954845601693
0.030336358584
-0.876026403159
0.437822724693
-0.202210290357
0.154237754643
-0.165117812343
0.974139016122
-0.029476901516
-0.858136573806
0.512574611232
0.462470347062
0.440389969386
-0.769530929625
0.142928289250
0.323893944733
0.935234844685
0.739975506440
-0.567038479261
0.361806041561
0.187096249312
0.980843720958
-0.054227177054
-0.233371132053
-0.521780386567
-0.820538324304
-0.201169070788
0.091316030361
0.975290924311
0.766933451407
0.254328201525
0.589177601039
-0.873934504576
-0.390087039210
-0.289949274622
0.965700936504
0.110773808323
-0.234842210077
0.094687353820
-0.987276424654
0.127748052590
-0.304089398123
0.359925358556
-0.882033657283
-0.885888357647
0.036408831365
-0.462467527017
0.582406722941
-0.696317644790
-0.419456964359
-0.305976390839
-0.304044036195
0.902183834463
0.595070073381
0.800942581147
-0.066201119684
-0.266086190939
-0.947613011114
-0.176713664085
-0.640276885591
-0.317446647212
-0.699480617419
0.450410830788
0.019934842363
-0.892598837614
0.145294921473
-0.279641700909
-0.949046839960
0.367719955742
0.804561061785
-0.466329852119
-0.680150777102
0.717566407286
0.149977896363
-0.693062617444
0.454205619171
0.559786979109
-0.010684438981
0.942174294032
0.334952894598
0.826462396421
-0.166431191377
0.537829493172
-0.133685423993
-0.823968375102
-0.550639920868
0.770206477493
0.083690417930
-0.632279917598
-0.544315942563
-0.688362437300
-0.479455219582
0.958420823328
0.168929995038
0.229983001947
-0.908694741316
-0.373948134482
0.185571168549
-0.380109065212
0.786614679731
0.486574189737
0.806509879418
-0.586951802485
-0.070918222889
-0.362018269487
-0.657247377560
0.661036047153
