-0.929178829305
0.336724780500
-0.152456955984
0.457534777001
-0.886798794381
-0.065190676600
-0.338665152900
-0.603562314995
0.721816074103
-0.530390853062
0.476896156557
-0.700896281749
-0.042395086959
-0.744743401185
0.666002944112
0.870371767320
0.163960814476
-0.464294989593
-0.949704342522
-0.301433778368
0.084848918021
-0.999128835276
0.017388431355
-0.037936953828
-0.148150786757
-0.714181796648
-0.684102115221
-0.784297468141
-0.096190458164
0.612882432528
0.479079476558
0.195149177685
0.855803512968
0.270074442960
-0.303706211038
0.913686122745
-0.039999845438
0.219331263565
0.974830143154
-0.742964606732
0.642409848049
-0.187918010168
-0.753975870088
-0.447199001908
-0.481179216877
0.131371303461
-0.990239706822
0.046550010331
-0.604449266568
0.168498949148
0.778620053083
0.666344484314
0.733105541207
-0.136166412383
-0.826675514691
0.216816721484
0.519228370860
-0.256049126387
-0.452654283494
-0.854132859968
-0.726709430106
0.200086998753
-0.657159489579
0.538350015879
-0.110852165148
0.835398741066
-0.380177004263
0.906495031901
0.183663282543
0.473966230638
-0.056241357699
-0.878745082766
-0.472374917939
-0.618559536524
-0.627890145406
0.087474538013
-0.538809922524
-0.837873540819
-0.947251031175
0.252230843529
0.197724768892
0.700703424402
0.053727950901
-0.711426747963
0.050674657337
0.641690771095
-0.765287548304
-0.035051899962
-0.145294999704
0.988767276518
0.719620348886
0.153286289424
0.677236934192
-0.777578203939
0.506678364240
0.372356241569
-0.598327512853
-0.640622133389
0.481256134808
-0.032850006595
-0.479028193280
0.877184624784
-0.213724878617
-0.965473840013
0.148936023936
-0.121590311639
0.122464224696
-0.984996603802
-0.552972217090
-0.126163624227
0.823592415079
-0.002230574377
0.800167521462
0.599772423506
-0.317846735008
0.038028430194
0.947379169054
0.444371255115
0.254085242748
-0.859054640867
0.968890809454
-0.064985333011
-0.238804324530
-0.539882308803
0.717056235299
0.440859894268
-0.266007190570
0.893993250094
-0.360577650368
-0.437152372673
0.203905857168
-0.875968151726
-0.599075718783
0.462394039147
0.653681905940
0.901844726875
0.094342260621
0.421634467319
-0.300556317903
-0.832408816554
0.465576481074
0.646788611077
-0.738810766488
0.189270026051
0.195810565725
0.029619149864
-0.980194331147
0.957439278252
0.246978496201
-0.149370844476
0.837343191728
-0.192187696695
-0.511781464331
-0.851617309265
0.518720997497
0.075342445634
-0.844150513411
-0.513330289163
-0.154602471739
-0.670811960474
-0.740617327392
-0.038694793358
-0.487040894106
0.863336201757
-0.132067289203
0.484321509488
-0.773019126616
-0.409724423662
-0.547121664509
0.708858519793
-0.445171293803
0.756141196936
-0.490920069627
0.432721588761
0.399478383362
0.891305685975
-0.214455576614
-0.266510360874
0.846082430333
0.461645695381
-0.319038597867
-0.314121756703
0.894171064720
0.614580575377
-0.295643434860
-0.731358787045
-0.786247067153
-0.586750657298
0.193750389852
-0.617364777252
-0.709993370809
-0.338777424768
0.077655279078
0.958728502505
-0.273512914777
0.855907119811
0.514687404037
-0.050198381767
-0.035509216599
-0.890102220699
-0.454375538975
-0.334001461975
0.366653578356
0.868336441927
-0.209431711584
0.443715328351
-0.871352434158
-0.807114372030
-0.135760163888
-0.574574247934
0.242078751326
0.034203902818
0.969653530978
0.697587917559
-0.523161235265
-0.489564517513
0.921623636037
-0.229930730537
0.312636740506
-0.829883705825
-0.365946506150
0.421160524711
0.197875780985
-0.771651937626
-0.604481977411
-0.422466061078
-0.899974810891
-0.107553544454
-0.021650653332
-0.228316864930
-0.973346114159
-0.045259826817
0.959242813289
0.278935067356
-0.604148260318
-0.042488358915
-0.795738410205
-0.937281133607
-0.220815898851
-0.269711724482
0.968541869894
-0.248771382496
0.006280529313
0.360728504136
-0.894833423197
0.262960242108
0.775555152446
-0.181462554261
0.604636705481
0.563407363370
0.683246172033
-0.464485532604
-0.656095957384
0.742772801779
0.133516508155
-0.338057871908
-0.133627442643
-0.931590350345
0.271634212695
0.804685316980
-0.527917033061
0.770863202401
0.426586073823
0.473068962805
0.303294738755
-0.308057135902
-0.901727842167
0.710036048666
-0.684831557795
-0.163873564452
0.880692930892
-0.405896890908
-0.244187784381
-0.947532528080
-0.053898500279
0.315082621761
0.994038512930
0.037452148274
0.102395169437
0.376448096707
0.557443855330
-0.739961604588
0.662173406221
0.391013564542
-0.639245470986
0.920218426734
0.340325676836
0.193329974078
-0.519110966474
-0.826359227300
0.218298488297
-0.607626286335
-0.394568379037
0.689279397950
-0.918675683439
0.111091380008
-0.379069508053
0.235183977522
-0.809358020313
0.538171061315
0.738787135109
0.641938409768
0.205203909427
0.217181448825
-0.934184987098
-0.283073535189
-0.778200298548
0.439991179854
-0.448120581917
0.188079685904
0.980898032896
0.049649562687
-0.113989107311
-0.978520467877
-0.171767794527
-0.031109274365
0.839102228172
-0.543083475903
0.538447515108
0.463698953390
0.703603263944
-0.333033320494
-0.844284971245
-0.419847226702
-0.313330809586
0.646920194849
0.695210805163
-0.030495274812
0.547114763409
0.836501926184
0.514463209547
-0.690110464580
0.508994255215
0.267626848072
-0.595297825523
0.757625479251
-0.284421686083
0.697109411471
-0.658135831356
0.853436317295
-0.511595325544
0.099582497962
0.801933619194
0.481141652912
-0.354125935584
0.541611397639
0.703776313923
0.459734697826
0.277462889440
0.671582574956
0.687016149051
0.424829574302
-0.569222416729
-0.703921637498
0.262413887307
0.881856889464
0.391749124043
0.492061866447
0.860039046966
0.134936858900
-0.158926213160
0.986223539338
-0.045886693522
0.017379760742
-0.930231047794
0.366562601179
-0.567247074097
-0.339275396429
-0.750415191986
0.244943512604
0.387963691726
0.888530723751
0.128849303350
0.361849976704
-0.923288931139
0.554258305579
-0.421792025678
0.717557813972
