0.785744259134
-0.469963380136
-0.402169589885
0.081910325214
0.257230438292
-0.962872369215
-0.621566408314
0.776553525589
-0.103052513674
0.821629431099
-0.504203024320
0.265902966261
0.708011928014
0.686827618629
0.164276993833
0.058317588642
0.163520769216
0.984814710915
-0.577680929564
0.071390039288
0.813134800643
-0.367053784430
-0.915827892721
0.162882747129
-0.475548068061
-0.231225854717
-0.848757113330
-0.888931460679
0.329492216930
0.318175636232
-0.086364979856
0.820677572861
-0.564826885238
0.076748833992
0.995179534890
0.061051690020
0.302700786851
0.689079402946
0.658438918181
0.235933293588
-0.468203119934
-0.851540556177
-0.951922333799
0.080736183561
-0.295508946292
0.236096580513
-0.861605050974
0.449327429757
-0.364066437818
0.713659436442
0.598452868871
-0.774099610746
-0.560227759182
-0.294812905602
0.557508160360
0.674817326479
-0.483535134234
0.986738883890
0.133999229409
-0.091600112617
0.765853016637
0.151874205098
0.624822679907
-0.560960046016
0.419360759668
-0.713764932007
-0.236613106914
-0.815679265186
-0.527902995236
0.680868134834
0.069081137888
-0.729140848853
0.411228444427
-0.378433293663
0.829264377244
0.336096583866
-0.919074280187
-0.205770629458
-0.281973347999
-0.529580942355
0.800021909177
-0.858605737798
-0.379455536604
0.344687803648
