-0.015228151344
-0.788917867467
0.614309937693
-0.699995641597
-0.105440761894
-0.706320285797
0.658855400048
-0.545229294337
-0.518299696967
0.780756350607
-0.616032834165
0.104513480328
0.329451591708
-0.812609832734
-0.480756597593
-0.574247470126
0.818488372490
-0.017793999054
-0.402710486203
-0.261669768952
-0.877127810381
0.911660716869
0.407899173908
-0.049929954112
0.163303235546
0.698692819104
0.696534561925
0.641642760485
0.766999015585
0.002660260536
0.109716649167
-0.505588648841
0.855770046823
-0.071312768385
0.108972280286
0.991483499296
-0.092681269161
-0.909269812517
-0.405756810680
-0.803400387056
0.398424257524
0.442499635741
-0.098272102885
0.031916830689
-0.994647630490
-0.517871521413
0.535773684271
-0.666900026612
0.285389687866
-0.110954287462
-0.951967368834
0.448151492514
0.810286853462
0.377618132159
-0.144945142791
0.432361980900
-0.889974168502
0.600564814173
-0.777073683217
-0.188357087784
-0.321301509626
-0.866476034746
0.382079335861
0.990192283876
-0.005665827543
-0.139596342109
-0.591581718996
-0.802779139951
0.074677444994
0.957824027166
0.135029331781
0.253653723747
0.251336579211
0.302152144723
-0.919529229403
-0.661095318384
-0.476974816993
-0.579178730957
-0.473070872016
0.172482495196
-0.863975541666
-0.793543754146
0.238404111937
-0.559867652133
-0.590658025816
-0.279893267900
0.756824189797
0.340233282186
-0.510560864583
-0.789663799107
0.361711702310
-0.725951729342
0.584943355992
0.595797115006
-0.250044000335
-0.763219361193
0.783761568367
0.239624046721
0.572973052040
-0.492494550534
-0.804243626073
-0.332627880387
-0.034731633030
-0.383232790045
-0.922998559661
0.484424517490
-0.848568513058
0.212754234672
0.529939432628
0.508157297038
0.678925884888
0.244049983099
0.327905995771
0.912643008865
-0.531673885882
0.454328850843
0.714778407477
-0.762090969831
0.083516794257
0.642060976475
0.093849510886
-0.953997912817
0.284745940007
-0.633023777977
-0.607049334794
0.480387344025
-0.155799417756
0.986721686088
-0.045900489204
0.704137094319
-0.539144717157
0.462075670250
0.216421682388
-0.970093577169
-0.109909534454
-0.852924984880
0.516588736326
0.075200035237
-0.839397758245
-0.517480065115
0.166210061871
0.056945249438
0.934811415151
0.350549361669
0.549571000971
0.501230409369
-0.668385958299
-0.314750311896
-0.594653355889
0.739810533822
0.425065561198
0.819647406228
-0.384053898975
-0.906412601471
-0.160185902379
-0.390840979293
0.853953933343
0.253144753166
-0.454621174373
0.730215496384
0.595515888184
-0.334882299416
0.039036781527
-0.706173581071
-0.706961810589
-0.322435028851
-0.644913217984
-0.692908790894
-0.243476320989
0.751160730608
0.613577082753
0.271045621485
0.962519802153
-0.009481579065
-0.439569556154
0.100706405006
0.892545138486
0.884637859650
-0.418810044415
-0.204973174259
-0.868992496282
-0.242396254092
0.431388567202
0.190191357397
0.672090651467
-0.715626579709
0.615197875537
0.123824950308
-0.778587794863
-0.180478869006
0.734742240049
-0.653896947391
0.506534837186
-0.362035597675
0.782529669814
0.810436146334
-0.152072076686
0.565744938329
-0.752376727760
0.576067337766
-0.319492848590
0.553875828162
0.071553936228
0.829518896528
0.037641618401
0.922575831413
-0.383975186385
-0.812022309750
-0.543077843264
-0.213743360713
-0.981258464046
-0.192690472119
0.001485636458
0.942705087364
-0.271673903801
0.193650218658
-0.403319816105
0.837763743475
-0.368082918227
-0.320452465676
0.907309787348
0.272211620584
-0.962151884101
0.124153447337
0.242589514703
-0.604395384900
0.699365414679
0.381568124518
-0.216007537208
-0.976207080297
-0.018986281008
0.221248837188
-0.122256287374
0.967523824424
-0.205792495981
-0.255019571632
0.944782760926
-0.156698134728
0.459828884341
0.874072702602
-0.962144766003
0.205883726478
-0.178575864062
0.777115175501
0.540692373179
0.322092781775
0.849387262948
-0.145910078660
-0.507199689746
