-0.751606285572
0.118829467334
-0.648820119910
-0.653758171946
-0.201899432577
-0.729271464981
-0.955034654588
-0.265242052265
0.132497020997
-0.523571546189
0.401414168999
0.751491515897
0.275095687248
0.765568930656
0.581572500058
-0.908330728300
-0.371458170936
-0.192234528251
-0.899837929755
-0.064910674468
0.431367943995
0.299982556142
-0.258315883577
-0.918304616585
-0.705635138787
0.510707072914
0.491179534234
0.400795625523
0.725070965476
-0.560031213798
0.812451854348
-0.563798398711
-0.148503696546
-0.563542339019
-0.824697740376
0.047892252915
0.815951867029
0.399132411927
-0.418229442090
-0.094739262015
0.993729257956
0.059385460801
-0.753613838926
-0.433502809145
-0.494106763974
-0.816346456297
-0.569234137423
0.097729002126
-0.090215780772
0.622798319906
-0.777163666673
-0.478169255890
-0.498619724065
-0.723002442159
0.230005796999
-0.827501152642
0.512190564536
0.339297462255
0.891120078042
-0.301300909370
-0.987874103710
-0.038537343964
-0.150398226455
-0.815951828845
-0.399132465944
0.418229466304
0.524845518172
-0.050897831097
-0.849674402736
-0.057410177775
0.775796027854
0.628366607241
-0.425033903681
-0.865435670130
-0.265268316492
0.419690928422
-0.604560167529
0.677027715370
-0.720774385147
-0.660207527690
-0.211211514659
-0.236544906162
-0.971585532650
-0.008249774575
0.557959970087
0.677988590673
0.478552130051
-0.194991602562
-0.030518668704
0.980329987593
-0.524845554493
0.050897876732
0.849674377590
-0.095878864639
-0.935256497934
-0.340738205239
0.003499992192
0.962930819020
-0.269725763239
-0.756695470773
0.178887857124
0.628817221150
-0.151635315269
-0.550345964730
-0.821051794104
0.095878868364
0.935256499797
0.340738200583
-0.249987201765
-0.566977097653
0.784884301946
0.151635276154
0.550346017815
0.821051766165
0.557879303582
-0.733357064426
0.388533264399
-0.812451901846
0.563798346557
0.148503636941
0.057410135865
-0.775795998052
-0.628366647288
-0.579841149971
-0.485560553148
0.654228697531
-0.244677519426
0.893862529658
0.375689616427
-0.557959947735
-0.677988616750
-0.478552117944
0.394841076806
-0.913164793514
-0.101146345027
0.101323042065
0.817626717500
-0.566762905568
0.952973242849
-0.301905324683
0.026366136037
-0.394841099158
0.913164786994
0.101146316156
0.476161682047
-0.053712499328
0.877715796232
-0.408407141455
0.688579094596
0.599218187854
0.955034681596
0.265241956338
-0.132497017272
0.816346514970
0.569234061055
-0.097728964873
-0.952973267995
0.301905239932
-0.026366177946
-0.716705434956
0.459272045642
-0.524788058363
0.751606282778
-0.118829476647
0.648820121773
0.061451576650
0.336100760847
-0.939819121733
-0.010143409483
-0.269679332152
-0.962896758690
0.192930142395
-0.536628541537
-0.821466838010
-0.557879304513
0.733357065357
-0.388533261605
-0.340717174113
-0.252439981326
-0.905641132966
-0.339297389612
-0.891120082699
0.301300975494
-0.411907074973
-0.274351696484
0.868944018148
0.812305057421
-0.542662651278
0.213723511435
0.478169248439
0.498619738035
0.723002438433
0.579841191880
0.485560561530
-0.654228653759
0.249987242743
0.566977158189
-0.784884245135
0.899837924168
0.064910611138
-0.431367964484
0.271026713774
-0.353910579346
0.895149049349
-0.299982613884
0.258315958083
0.918304576539
0.753613858484
0.433502762578
0.494106775150
0.653758169152
0.201899435371
0.729271466844
0.523571479134
-0.401414139196
-0.751491578296
0.340717148036
0.252440043725
0.905641125515
-0.003499945626
-0.962930805981
0.269725809805
-0.635037877597
-0.685891936533
0.355357768945
-0.906167649664
0.223665812984
-0.358934247866
0.716705429368
-0.459272054024
0.524788059294
0.244677483104
-0.893862524070
-0.375689654611
-0.554279874079
0.334496788681
-0.762158591300
0.411907080561
0.274351757020
-0.868943996727
-0.629728203639
0.774947723374
-0.053836914711
0.720774434507
0.660207464360
0.211211545393
0.425033943728
0.865435644053
0.265268339776
-0.880728459917
-0.124777759425
-0.456889362074
-0.230005765334
0.827501188032
-0.512190521695
0.987874110229
0.038537245244
0.150398211554
0.332713685930
-0.920235872269
0.206076541916
-0.476161691360
0.053712555207
-0.877715786919
-0.101322983392
-0.817626677454
0.566762972623
0.194991573691
0.030518761836
-0.980329990387
-0.987384610809
0.046026244760
0.151503182948
0.149472184479
-0.044777930714
0.987751487643
0.987384601496
-0.046026340686
-0.151503213681
0.880728468299
0.124777697958
0.456889362074
0.010143361986
0.269679419696
0.962896734476
0.898563883267
-0.285605689511
-0.333185139112
-0.400795558468
-0.725070949644
0.560031281784
0.708132839762
0.176482883282
-0.683667807840
-0.275095692836
-0.765568921342
-0.581572510302
0.094739273190
-0.993729257025
-0.059385455213
-0.192930206656
0.536628600210
0.821466784924
-0.419690916315
0.604560211301
-0.677027683705
0.756695427932
-0.178887872957
-0.628817268647
-0.812305080704
0.542662604712
-0.213723542169
0.408407075331
-0.688579075970
-0.599218253978
0.906167640351
-0.223665875383
0.358934230171
0.554279873148
-0.334496750496
0.762158608995
0.635037947446
0.685891902074
-0.355357711203
0.908330761828
0.371458081529
0.192234541290
-0.575318865478
0.758648102172
0.305714340881
0.563542407937
0.824697696604
-0.047892200761
0.629728177562
-0.774947747588
0.053836879320
-0.898563924246
0.285605624318
0.333185083233
-0.332713676617
0.920235877857
-0.206076533534
0.236544955522
0.971585520543
0.008249812759
-0.061451570131
-0.336100666784
0.939819155261
-0.149472205900
0.044778026640
-0.987751480192
0.575318813324
-0.758648118004
-0.305714401416
0.090215812437
-0.622798248194
0.777163719758
-0.271026710048
0.353910659440
-0.895149018615
-0.708132838830
-0.176482887007
0.683667807840
0.705635074526
-0.510707093403
-0.491179605946
