-0.626489539631
0.727558661252
-0.279587641358
0.116540576331
0.640001065098
-0.759484646842
0.814638681710
0.076228009537
-0.574937481433
-0.448411149904
0.441087130457
-0.777412105352
0.574552096426
-0.764187790453
-0.293098803610
-0.366481142119
-0.235816343687
0.900045678020
0.743821419775
-0.279964338057
-0.606918168254
0.226997219957
-0.331437771209
0.915762668476
-0.823018875904
-0.410570046864
-0.392520274036
-0.060214301571
-0.922952878289
0.380173936486
-0.352962935343
-0.654013958760
-0.669091104530
0.574967561290
0.703171609901
-0.418284579180
-0.304981485941
0.120746490546
0.944672735408
0.600263153203
0.679184650071
0.422365193255
-0.882385631092
0.193020619452
-0.429113781080
0.793526380323
0.186708529480
0.579185469076
-0.672500688583
0.671375025995
0.311445657164
0.339327374473
0.343211608939
0.875821170397
-0.666018763557
0.184417411685
-0.722778820433
0.364811220206
0.911393681541
-0.190458207391
0.135773961432
-0.606954666786
0.783052655868
-0.403868570924
-0.786893313751
0.466571632773
0.542963271029
-0.240470628254
0.804589809850
0.922401664779
-0.255557906814
0.289595101960
-0.325102315284
-0.931058460847
0.165646086447
0.365193844773
0.637295715511
0.678592385724
0.612534191459
0.427055323496
0.665150820278
-0.130683863536
-0.736146105453
0.664086317644
0.742113259621
0.412441064604
-0.528356201947
-0.048079027794
0.927811075933
0.369939201511
-0.945293683559
0.117507645860
0.304321874864
0.716435881332
-0.440781009383
0.540769569576
-0.630353393033
-0.418230837211
-0.654016486369
0.828607172705
0.418463801965
0.371884656139
0.054288895801
0.548520638607
0.834372712299
0.035625881515
-0.945401783101
-0.323954107240
-0.348180230707
0.144009509124
-0.926300052553
-0.983487745747
0.169270690531
-0.064025672153
-0.801392352208
-0.114386219531
-0.587099727243
-0.514361055568
-0.848002037965
-0.127770292573
-0.875810218975
-0.229692726396
0.424497009255
-0.514207964763
0.605271722190
0.607648179866
0.773932307959
0.621043405496
0.123830007389
0.638934962451
0.759495822713
-0.122181047685
-0.117331880145
-0.447594322264
0.886505809613
0.999616699293
-0.027425734326
-0.003779358231
0.564176841639
0.259508252144
-0.783811174333
-0.104181026109
0.390259389766
-0.914791736752
-0.893222292885
0.421633350663
0.156138566323
-0.421845840290
-0.542721543461
0.726291546598
-0.186308876611
0.980616268702
0.060669064522
-0.505114277825
0.862272264436
0.036689339206
0.013314943761
0.079391323961
-0.996754597872
-0.750482895412
0.660878621973
0.003855936229
0.014440445229
0.236806145869
0.971449597739
0.343455238268
0.009766575880
-0.939118263312
0.245211824775
0.346374258399
-0.905481105670
-0.432415004820
0.719841844402
-0.542996298522
-0.794271787629
0.055005026981
0.605067577213
0.797449648380
-0.121162070893
0.591095432639
0.788092013448
-0.570135253482
0.232070613652
0.938215823844
0.200074872002
-0.282349275425
-0.855163104832
-0.480504435487
0.194451922551
-0.320230114274
0.910214921460
-0.262605156749
-0.761701401323
-0.637761645019
-0.114328729920
0.021853996441
-0.998731611297
0.045360444114
0.931198696606
-0.153505122289
-0.330613313243
-0.984619385563
-0.143224766478
0.100056638941
0.285350161605
-0.928545086645
0.237443268299
0.827907340601
0.517759924755
-0.215624893084
0.584349686280
0.097966615111
0.805566872470
-0.698475599289
0.482238413766
-0.528751309961
-0.200503546745
0.639010271989
-0.742606354877
0.798896146938
-0.484025500715
-0.357049378566
-0.781898320653
0.387214344926
0.488569406793
0.439406252466
-0.556270765141
0.705326151103
-0.862795360386
0.457563929260
-0.214987012558
-0.573550183326
0.304746701382
0.760374667123
-0.298288072459
-0.856593560427
-0.421036454849
0.218684647232
-0.806012440473
0.550019062124
-0.923581052572
-0.370417414233
-0.098939262331
0.303539942950
-0.815021385439
-0.493562198244
-0.662662570365
-0.283961842768
0.692996383645
-0.090730068274
0.845795466565
-0.525735753588
0.094179528765
0.781156457029
0.617191060446
0.614708933048
-0.053923955187
-0.786908592097
-0.209023735486
0.734344771132
0.645791633055
0.138935690746
-0.270041187294
-0.952772076242
0.292208186351
0.000702332705
0.956354474649
0.167079607025
0.981418656185
0.094349479303
-0.022171000019
-0.776727830060
-0.629446045496
-0.681636312045
-0.550789500587
0.481666754931
0.536686495878
-0.733588603325
0.416911698878
-0.629144589417
-0.752593264915
0.194371966645
-0.600263153203
-0.679184650071
-0.422365193255
0.552953211591
-0.581481631845
-0.596759462729
0.254997337237
0.826491761021
-0.501884176396
-0.378825615160
-0.392078052275
-0.838311369531
-0.957531026565
-0.101214000024
-0.269981588237
-0.570279250853
-0.006806300953
0.821422697976
-0.272632646374
0.452789520845
0.848912886344
0.567370408215
-0.819876929745
0.076763525605
0.242139069363
-0.587520779110
-0.772132115439
0.946300960146
0.319077048451
0.052003154531
-0.200628084131
-0.174397932366
-0.964019570500
0.456957599148
-0.328480326571
-0.826613831334
0.319224093109
-0.938040157780
-0.134820769541
-0.544640775770
-0.117631396279
-0.830378997140
0.303876368329
0.864487314597
0.400400842540
0.770782798529
-0.632203971036
-0.078816343099
-0.081544655375
-0.511265154928
-0.855545679107
-0.380310175009
0.851752938703
0.360390204936
-0.224234201945
-0.964865342714
-0.136944849044
0.945077882148
0.083623294719
0.315966675989
-0.043600352481
-0.114745037630
0.992437697947
0.444400659762
0.567155403085
-0.693428295664
0.932233179919
-0.359479454346
-0.041422454640
0.496541849338
0.856826525182
0.138904628344
0.030057989061
0.972013061866
-0.232995974831
