0.549729077145
-0.305083317682
0.777638804168
0.067607225850
0.663248011842
0.745339745656
0.648375527002
0.529443271458
-0.547082257457
0.812147507444
-0.348393633962
-0.468015278690
0.343821180053
0.753825726919
0.559940861538
0.242259051651
-0.639187874272
-0.729896849953
-0.522919948213
0.680564017966
-0.513212766498
0.961435341276
0.193592987955
0.195355672389
-0.391889569350
-0.901312561706
0.184548721649
-0.985958003439
0.041146741249
-0.161844864488
-0.960342773236
-0.273394374177
-0.054747348651
-0.275179917924
-0.417299663648
-0.866104498506
0.639534322545
-0.280230324715
-0.715867874213
-0.239618079737
0.740861129016
0.627461521886
-0.466873984784
0.454220319167
-0.758757261559
0.968604960479
0.193417695351
-0.156185867265
-0.349203076214
-0.926523656584
-0.140039725229
0.367560083047
0.512868762948
0.775799726136
0.526419015601
-0.838353103027
-0.141587754712
-0.398912135512
-0.785873528570
0.472516565584
-0.948554477654
0.305667198263
0.082534632646
-0.432836606167
-0.070177756250
0.898736642674
0.234035075642
-0.276944727637
0.931949140504
0.138441138901
0.418323257007
-0.897685748525
0.427786394954
-0.772176297382
-0.469832485542
-0.638428435661
-0.702302128077
0.314929915592
-0.900195493363
-0.231139857322
-0.369083239697
-0.984538546763
-0.001567441970
0.175161048770
0.084788177162
-0.847243162803
-0.524394876324
0.743057889864
-0.043689204380
0.667799538933
-0.703987808898
0.075650869869
0.706171444617
-0.178327084519
0.149033689871
0.972619354725
0.590371580794
0.751285855658
-0.295010098256
0.629127132706
0.248098547570
-0.736645205878
-0.563137130812
-0.749308053404
-0.348445135169
0.311603489332
-0.558114434592
0.769032861106
-0.740755983628
-0.156582507305
-0.653270609677
-0.713606417179
-0.482499285601
-0.507897941396
-0.793998480774
0.527687579393
0.301848023199
0.810715500265
0.503057071008
0.299456106499
-0.594073867425
0.789125340991
0.156068686396
-0.831097795628
-0.543286064640
0.118813740090
0.282509086654
0.916084398516
0.284566317685
-0.198618019931
0.476220156066
0.856600982137
0.702672591433
-0.626504023559
0.337259449065
0.097866799682
-0.766325192526
0.634954949841
-0.905246008188
0.341844866052
-0.252332618460
0.194155953825
-0.107614948414
-0.975049992092
-0.149432040751
-0.128915796056
-0.980331975035
-0.086439745501
-0.990916516632
0.103017601185
0.236039228737
-0.971649699844
0.013503437862
-0.805293612182
0.592546922155
-0.019757078961
0.349961981177
0.239738890901
0.905567156151
0.082616281696
0.370930219069
0.924978551455
-0.869273873046
0.095729964785
-0.484972892329
-0.247296651825
-0.852629250847
-0.460290912539
0.925867009908
-0.077657242306
0.369783223607
0.729763817973
0.683603043668
0.011473795399
-0.813530038111
-0.542188398540
-0.210239425302
0.404977989383
0.499278432690
-0.765972501598
0.612972055562
0.257354135625
0.747016804293
0.338896437548
0.196406291798
-0.920094436966
-0.772985414602
-0.438892306760
0.458112529479
-0.311281822622
0.889730570838
0.333890905604
0.018748939037
0.875924918801
0.482082994655
-0.007309212349
-0.504444114864
0.863413405605
-0.006058125757
0.163711886853
-0.986489592120
-0.218390225433
-0.682755091228
0.697245432064
-0.861950158142
-0.110271629877
0.494855626486
-0.469831455499
0.257930512540
0.844233529642
0.408891087398
-0.765483084135
0.496833698824
0.028417902067
0.869512829930
-0.493092141114
0.782831052318
-0.031485270709
-0.621437220834
0.710773592815
-0.626090355217
-0.320642738603
0.290289026685
0.913012128323
-0.286602745764
0.788796111941
-0.337543970905
0.513677681796
0.200215203688
0.979747390375
-0.002987087704
0.135322373360
0.032073595561
0.990282353014
-0.161969772540
0.460617369972
-0.872695496306
0.579248774797
0.754149857908
0.309400786646
0.909417669289
-0.388026984408
-0.149648125283
-0.730581217445
0.395143435337
-0.556877679192
-0.035994033329
-0.974191919900
-0.222832965665
0.515618551522
-0.048335690983
-0.855453778990
-0.234025198035
0.712623502128
-0.661362191662
-0.330259268172
0.943832586519
-0.010433729738
-0.126434650272
-0.896904247813
0.423765321262
0.901116619818
0.433245548978
0.016944921575
0.259115285240
-0.924222107045
-0.280486657284
0.468498284929
-0.029989136383
0.882955268957
0.848871215247
0.242769667879
-0.469553560950
0.579273259267
-0.545465100557
0.605731222779
-0.638631113805
0.150019044988
-0.754748027772
0.500698854215
-0.845492712222
0.185587524436
0.048629439436
-0.412574224174
-0.909625024535
0.757910018787
-0.652140206657
0.016898296773
0.994589475915
-0.101223591715
0.023357185535
-0.925422939472
-0.285417611711
0.249257232994
-0.101635570638
-0.673251744360
-0.732394905761
-0.047728376463
0.984251081944
0.170211072080
0.483294949867
0.875451063737
0.003380161710
0.821461427957
0.502351220697
-0.269896964543
-0.741334551945
0.590051933192
-0.319783982821
0.365514018573
0.747947447933
-0.554052447900
-0.468923008069
-0.118032748811
-0.875316789374
0.902550471015
-0.384258857928
0.194287870079
-0.336564256810
0.175780029036
-0.925108578056
-0.569042969495
0.801968953572
-0.181757793762
-0.343811449595
-0.398773945868
0.850160588510
-0.453422157094
0.537535106763
0.710960163735
-0.884118665941
0.212481118739
0.416156169958
0.182907374576
-0.926517379470
0.328801515512
-0.534391058609
-0.562471937388
0.630913238041
-0.550753450021
-0.381050241180
-0.742611169815
0.942882180214
-0.079838627949
-0.323417666368
0.371897333302
-0.363201469183
-0.854269901291
-0.109727215953
-0.192819832824
0.975079714321
-0.296365980059
0.882877559401
-0.364272452891
-0.694400627166
0.396577366628
0.600444967858
-0.425174432807
-0.642367606051
-0.637644539587
-0.643498982303
-0.260203728452
0.719863235950
-0.551027979702
0.692401110195
0.465777700767
0.092720706947
0.668888706714
-0.737557297572
-0.043540192768
0.981903086416
-0.184311091900
0.626479287632
0.535929583013
0.565953338519
0.830837734975
0.239894412458
0.502154684626
0.561025008559
-0.546400610358
-0.621849910356
-0.632814468816
-0.774015789852
-0.021104594693
