0.433944935910
0.456547642127
0.776695591398
-0.947814934887
0.085919784382
-0.307025468908
-0.681283377111
-0.510691919364
-0.524448970333
0.616037249565
0.299631757662
-0.728504574858
-0.168632856570
-0.944646561518
0.281435308047
0.501333571970
-0.851270970888
0.154927024618
-0.976137064397
-0.192632632330
-0.100245191716
0.700687043369
-0.288482464850
-0.652545426041
0.193294541910
-0.053048311733
0.979705616832
-0.118057912216
0.084359328263
0.989416914992
-0.725700867362
0.526066455059
0.443409894593
0.706463507377
-0.555504683405
-0.438547440805
0.409352281131
0.718404255807
0.562428691424
-0.757239816710
0.633817111142
-0.157682364807
0.322249495424
0.454213195480
-0.830569463782
0.858465383761
0.453567182645
0.239403412677
-0.157125587575
0.980196354911
-0.120526570827
0.065546939149
0.922723585740
-0.379848367535
-0.289187546819
0.352212822996
-0.890121726319
-0.499071529135
0.853708649054
-0.148691456765
-0.404323868454
-0.717423813418
-0.567296464927
0.691191226244
0.663116800599
-0.287281736732
0.321898560040
-0.649672638625
0.688699337654
-0.685993324034
-0.727213998325
0.023936544545
-0.259761450812
-0.761615711264
0.593688045628
-0.104024941102
-0.819917826913
-0.562950767577
-0.810570253991
-0.366159189492
0.457059415989
0.205476162024
0.975639944896
-0.076852086931
0.365911326371
0.121884411201
-0.922633779235
0.755492979661
0.654820450582
0.020988908596
0.420793701895
-0.240240442567
-0.874766933732
0.594831231050
-0.662259448320
0.455618511885
0.802649433725
-0.407040374354
0.435972498730
0.102984453551
0.850284106098
0.516150306910
0.670171374455
0.187059020624
0.718247345649
0.411619342864
0.163530939259
0.896564078517
-0.580589534715
-0.763161861338
-0.283724804409
-0.072172969580
0.778352268972
-0.623665620573
0.054917026311
0.250600778498
-0.966531618498
0.806775567122
0.379253225401
-0.453078551218
-0.532067106105
0.106758036651
-0.839944828302
-0.890899433754
-0.439457238652
0.114784729667
-0.361513081938
-0.145177821629
0.920994945802
-0.824493632652
-0.054327039979
0.563257331029
0.468218691647
-0.543788330629
-0.696466443129
0.052131877281
-0.842293499969
0.536492241547
-0.990374290384
0.129679132253
0.048395117745
0.915441255085
-0.375486046076
0.144836238585
0.402816456743
0.843837886117
-0.354508846998
-0.418701249175
-0.176091859117
-0.890887714922
0.687083503231
0.485389797017
0.540659784339
0.753140819259
-0.639470273629
0.154456059448
0.824792650528
0.047971965745
-0.563396639191
0.901839518920
0.414259394631
-0.122778803110
0.958713131025
0.109157925472
-0.262590323575
-0.788118221797
0.099695912562
-0.607396404259
0.779983666725
-0.119630275294
0.614258964546
0.519836390391
-0.125633605756
0.844977113418
0.633461606689
-0.758374207653
-0.153606485575
-0.920220526867
0.361602660269
-0.149792179465
0.981923928484
0.162295911461
0.097393192351
-0.320761738345
-0.481038559228
0.815912869759
0.321278954856
-0.939875265583
-0.115820189938
0.621012461372
0.724771865644
0.298411233351
-0.475371696986
0.517580172047
0.711429907940
0.273176895455
-0.378176268190
0.884509520605
-0.552814390510
-0.595552662387
0.582849272527
0.329619294964
0.907647965476
0.259858209640
-0.718019004911
-0.621594620869
0.313159439713
0.546981095336
0.599053417332
-0.584762073122
-0.011679355055
0.552307100035
-0.833558911458
-0.872724412940
0.466712825000
0.143287250772
-0.001688498072
0.981774585322
0.190041606314
0.108483222313
-0.925088351592
-0.363927097060
-0.805228387937
0.401254545897
-0.436579925008
0.874242376536
0.189392636530
0.447024267167
0.119924712926
-0.106752344407
-0.987026847899
-0.872660301626
-0.222622292116
-0.434630084783
-0.164991126396
0.436182909645
0.884602960199
0.186425579712
-0.727410465479
-0.660393455997
-0.475516158156
-0.821065983735
0.315808535554
0.860903171822
-0.486818887293
-0.147827935405
-0.200635653920
0.034224814735
-0.979067921638
-0.141943882219
-0.316329586320
-0.937969896011
0.434497073293
-0.790987148881
-0.430757034570
0.946059134789
-0.106038768776
0.306150114164
-0.676122594625
-0.207162877545
-0.707065610215
0.140446273610
0.310533980839
0.940129506402
0.616613298655
-0.012271507643
-0.787170533091
-0.194805521518
0.886387090199
0.419962775894
-0.612768611871
-0.306593474932
0.728364652954
-0.258925813250
-0.915753809735
-0.307168327272
-0.360676300712
0.920064082369
0.152953224257
-0.703870858066
0.269113715738
0.657376317307
-0.902161492966
0.215684410185
0.373610591516
-0.000778990798
-0.602516439743
0.798106090166
-0.190159082413
0.707526099868
0.680622024462
-0.128794180229
-0.607490617782
-0.783815799281
-0.042169462889
-0.997671658173
-0.053600352257
-0.418252479285
0.218402212486
0.881683239713
-0.476612225175
0.751781417988
0.455703285523
-0.057633235119
-0.284660628997
0.956894317642
0.895085038617
-0.236717878841
-0.377872224897
0.130059333518
0.618506408297
0.774941540323
-0.613472326659
-0.002689382993
0.789711637422
-0.392011630349
-0.919957205653
-0.002370795235
-0.342495039105
0.631177071482
-0.695925750770
-0.655999813229
0.738090259023
0.157756184228
-0.294212256558
0.860520631075
-0.415864629671
0.240071925335
0.731196934357
-0.638526829891
0.581315536052
-0.415691946633
0.699480129406
-0.594201275147
0.402021579444
-0.696637274697
-0.585096011870
0.672363585792
-0.453420184553
0.986924225464
-0.151354447007
-0.055429259315
0.517375963740
0.855313457549
-0.027586228214
-0.833986853249
-0.507048752159
-0.217640738003
0.342428500764
-0.835793009028
0.429176846519
-0.436880799010
-0.461815508083
-0.771920722909
0.165452247486
-0.964851763099
0.204173032194
0.167931998149
-0.452709226869
-0.875701546669
-0.958756593056
-0.126387728378
0.254581885412
