-0.898917875253
-0.421730690636
0.118700791150
0.253290385939
0.499473428354
-0.828474666923
-0.799393362366
0.563290697522
0.208982871845
0.424473278224
-0.284325161017
-0.859640412033
0.904653131030
0.414535208605
-0.098809273914
-0.642218837515
0.102969452739
-0.759573732503
0.627050599083
-0.114375245757
0.770536078140
-0.224076409824
-0.853983785026
-0.469575826079
-0.389972066507
-0.016420111991
0.920680273324
-0.081167316996
0.961303896271
-0.263261628337
0.751639546826
-0.657458353788
-0.052787339315
-0.050620415248
-0.852401797660
0.520431309007
0.176322594285
0.759816128761
0.625771357678
