-0.049663729034
0.869081998244
-0.492168664001
-0.016415879130
0.519415357150
-0.854364210740
0.406611756422
-0.695805578493
-0.592048540711
-0.426613162272
-0.382513000630
-0.819563915953
-0.708492807113
-0.024839470163
0.705280753784
-0.483568756841
-0.784152423032
-0.388929598965
0.695808953606
0.673384333029
0.249806801789
-0.082787828520
-0.720312939025
-0.688691108488
0.228323739953
0.891458812170
0.391368693672
0.790557825938
0.553158685565
-0.262742822058
-0.984165444970
-0.047029946931
-0.170899268240
-0.855326534249
0.446466431953
-0.262838817202
0.953906118870
-0.014248261228
-0.299766747281
0.715537384152
0.244200923480
-0.654501458630
-0.913000215776
0.296947720461
0.279736763798
0.343123885803
0.131855374202
0.929989332333
0.467917890288
0.558402174152
0.685010845773
-0.647678609006
-0.575915497728
0.498832394369
0.945703238249
-0.230720777996
0.228939523920
0.822623509914
-0.512693375349
-0.245837470517
0.417821483687
0.651007518172
-0.633730554953
-0.252747180872
0.083890279755
-0.963888625614
0.791162825190
0.192254649475
0.580602731556
-0.382378279231
-0.912806596607
0.143425824121
-0.737114026211
0.073767951690
-0.671730005182
-0.144412601367
0.989307644777
0.020380960777
-0.221074541099
0.115306940861
0.968416416086
-0.264035372995
0.833616606891
0.485148093663
-0.506202258170
0.814123198390
-0.284539434128
0.130697836168
-0.331052594818
-0.934517122805
-0.162576465867
-0.758313908242
0.631291461177
0.682284394279
-0.673615101725
0.284131481312
-0.652025068179
0.734893309884
0.186534534208
-0.931122715585
-0.209863986820
0.298274361528
0.336657527834
-0.686549370177
0.644446793944
0.479620704427
-0.867953544483
-0.128920997493
-0.011802767403
0.566825435497
0.823753372766
-0.557390999980
0.470448979177
0.684100160375
0.957704269327
0.263694331981
0.115186069161
0.313683818094
0.153819613159
-0.936985585839
-0.808174754493
-0.588834755123
-0.011278134771
-0.788159538992
-0.391268160194
-0.475093428977
0.124732111581
-0.338132047094
0.932796129026
0.001533384435
-0.966550833546
-0.256470533088
-0.489281774499
0.528390399180
-0.693834943697
0.647767704912
-0.254703324288
-0.717999453656
-0.368714180775
-0.357504591346
0.858044473454
0.382378280163
0.912806596607
-0.143425824121
0.162029529922
-0.953631576151
0.253639996983
0.646737321280
-0.289513606578
0.705629299395
