-0.242458472028
0.036231800914
0.969484989531
0.219605861232
-0.140334464610
0.965442646295
-0.651791644283
-0.743022043258
0.151940428652
-0.915929475799
0.369189669378
-0.157391811721
-0.176309028640
-0.443532607518
0.878745669499
0.182190854102
-0.780206881464
-0.598400963470
0.712249004282
0.514186003245
0.477822256275
-0.054646630771
-0.964676023461
-0.257708971389
-0.465045183897
-0.679067161866
0.567979546264
-0.583907800727
-0.247197761200
0.773268999532
0.054123075679
0.994920899160
0.084871049970
-0.596352159046
0.268190377392
0.756596340798
-0.369273286313
0.922774250619
0.110113219358
-0.594111497514
0.743696527556
-0.306507753208
0.390796793625
0.355076600797
-0.849234050140
0.992651326582
-0.120888064615
-0.005423880182
0.174895655364
0.754364072345
-0.632729290053
0.417452232912
0.856660134159
0.303095771931
-0.329531448893
0.656728716567
-0.678318816237
0.878541615792
0.021599394269
0.477177215740
-0.995648154058
-0.044985944405
0.081615056843
0.861375089735
-0.173497442156
-0.477421816438
-0.723622482270
0.681742639281
0.107691575773
0.620316255838
-0.775606316514
0.116801466793
0.474807525054
-0.719902125187
0.506259560585
0.305739393458
0.628198325634
0.715465082787
-0.058711310849
0.861679397523
0.504045232199
-0.669154192321
-0.475030207075
-0.571470880881
0.439486046322
-0.858979178593
-0.262691425160
-0.516419256106
0.682275714353
0.517504588701
-0.872779437341
-0.469084784389
-0.134964873083
0.245754825883
-0.537528731860
0.806639589369
-0.016934349202
0.441087917425
-0.897304115817
-0.920930920169
-0.060114171356
-0.385061717592
-0.512906099670
-0.816429268569
-0.265274538659
-0.253380338661
-0.707584977150
-0.659637705423
-0.192520599812
0.529399624094
0.826239586808
0.145646645688
0.283140460029
0.947954921052
0.729765926488
0.206588360481
-0.651738398708
-0.314509862103
-0.295802286826
-0.901989219710
0.843093395233
-0.435368281789
0.315670690499
0.065941045992
0.000738364644
-0.997823246755
0.735052576289
0.677905930206
-0.011885206215
0.822484688833
-0.536197442561
-0.189766270109
-0.719401072711
0.369162288494
-0.588371735997
0.141018798575
-0.451312635094
-0.881152995862
0.616716238670
0.619521658868
-0.485648014583
0.361674263142
0.908057799563
-0.211240997538
-0.267783155665
-0.947630011477
0.174038907513
-0.855280173011
-0.016283879988
0.517909895629
0.507858347148
-0.134016170166
-0.850952151231
0.624875917099
-0.291896420531
0.724103974178
-0.140196791850
0.934157953598
-0.328167297877
0.565594666637
0.189977770671
0.802503032610
-0.669075591490
-0.062531338073
-0.740559034050
-0.832293148153
-0.416351073422
0.365978000686
0.917599751614
0.287009429187
-0.275020512752
0.574450196698
-0.539596823975
-0.615501614287
-0.013565760106
-0.822359676473
0.568806232885
0.938906661235
0.307698904537
0.154193593189
0.204534210265
-0.965653378516
0.160247646272
-0.865604316816
0.364825518802
0.342974496074
-0.375125221908
0.205881032161
-0.903821922839
