-0.060947606340
-0.590138554573
0.804998058826
-0.687831543386
-0.616148300469
-0.383730423637
-0.308660849929
0.206284596585
-0.928533867933
0.692747671157
0.357449430041
-0.626362967305
-0.619859504513
-0.361081317998
0.696702572517
0.357635238208
0.777710201219
-0.516975702718
-0.344818879850
-0.934061876498
-0.092888908461
-0.949637616053
-0.011403422803
0.313142712228
-0.225300162099
0.690246607177
-0.687604142353
-0.585913267918
-0.239292851649
-0.774238059297
0.684859602712
0.559019228444
0.467402209528
-0.725641475990
0.337401112542
-0.599670689553
0.312679781578
-0.622237970121
-0.717670719139
-0.926113649271
0.367302708328
-0.086036200635
-0.242089456879
0.927014174871
0.286421739496
-0.653559046797
0.185148648918
0.733880473301
0.375723240897
0.923253844492
0.080214611255
0.000784832984
-0.242863832973
-0.970060070977
0.103687857278
-0.939046523534
0.327781105414
-0.072868780233
0.969019200653
-0.235991373658
0.965302267112
0.175295438617
0.193553714082
0.736527835950
-0.565878568217
-0.370551198721
-0.260675613768
0.564774228260
0.782993163913
0.299665451981
0.339400935918
0.891631998122
0.209651716053
-0.937436683103
-0.277954352088
0.585234404542
-0.804391979240
0.102245949209
0.582824231125
-0.151702150702
-0.798312202096
0.308660860173
-0.206284600310
0.928533863276
-0.587899981998
0.783465248533
-0.201384742744
-0.714946856722
0.593550570309
0.369524979033
-0.200675840490
-0.013444598764
0.979565438814
-0.947083902545
-0.142390277237
-0.287675319239
0.525750489905
-0.593709490262
0.609176051803
0.800018103793
0.584329697303
-0.136124339886
-0.415276916698
-0.798302351497
0.436186240055
0.910048621707
-0.370393116027
0.186065698974
0.223655989394
0.331623149104
-0.916517367586
0.748621617444
-0.019222487696
0.662718770094
-0.817584711127
-0.556419407018
0.148164371960
-0.223536552861
-0.720355518162
-0.656596783549
0.199685801752
0.786865178496
0.583925312385
0.947156598791
-0.022948318161
-0.319949605502
