0.700282312930
0.689619934186
0.184469582513
0.051808835939
-0.983107811771
0.175541657954
0.509504689835
-0.765725486912
-0.392516813241
-0.635433434509
-0.771092600189
-0.040503704920
0.938578569330
0.107981848530
0.327734936029
-0.321352525614
0.619535203092
0.716176434420
0.709834654815
-0.640721010976
0.292594166473
-0.915150891058
-0.275375025347
0.294393343851
0.301612599753
0.889752376825
-0.342593850568
-0.644847517833
0.033908851445
0.763558685780
0.190738992766
-0.646430783905
0.738746151328
-0.872924043797
0.420738735236
0.246946411207
-0.233987581916
0.729809690267
-0.642360977829
0.146703641862
0.926462211646
0.346620557830
-0.938578569330
-0.107981848530
-0.327734936029
0.411438674666
0.468958429061
0.781534520909
0.586680727080
-0.167680252343
0.792268297635
0.943644584157
-0.265312113799
-0.197849386372
-0.110427643172
-0.877531518228
-0.466630656272
-0.763417375274
0.508410651237
-0.398387398571
0.651820109226
-0.166218451224
-0.739933760837
-0.552039357834
-0.489663192071
-0.674894439057
-0.396861678921
0.917663428932
0.019865494221
-0.059641758911
-0.037570923567
0.997512549162
0.829870139249
0.396238279529
-0.392824104056
0.269543688744
0.363572608680
-0.891718092375
-0.442785991356
0.125878167339
-0.887747290544
0.081292809919
-0.373272397555
-0.924153231084
-0.435906661674
-0.630846997723
0.641885851510
