0.084041857161
-0.957715521567
-0.275168937631
-0.334437519312
-0.388075394556
0.858806748874
0.609331436455
-0.156724984758
-0.777272460982
-0.068627179600
-0.666831862181
0.742041492835
-0.335597947240
-0.627406738698
-0.702662650496
-0.627756785601
-0.383210159838
-0.677548072301
0.948376150802
0.305551204830
0.084977275692
-0.123616045341
-0.900198409334
0.417566637509
-0.372086084448
0.626211933792
0.685135429725
-0.651171457022
0.379668605514
-0.657135817222
-0.687542950734
-0.018226402812
-0.725914930925
0.559841190465
-0.794700190425
0.234583561309
-0.532457249239
0.838713700883
-0.114230490290
0.972326603718
-0.109476296231
0.206387777813
-0.599894424900
-0.796800293960
-0.072359996848
0.987836510874
0.025213847868
-0.153438221663
0.634220231324
0.435895739123
0.638560569845
0.210078388453
0.072395314462
0.975000507198
0.774595364928
0.626395317726
-0.087355164811
-0.873534027487
-0.255416366272
-0.414367930964
-0.198162389919
0.868884966709
0.453619422391
-0.214667893946
-0.976686845534
0.000706519000
-0.531889851205
0.787973730825
0.310146068223
0.312264760956
0.437211371027
0.843407928944
-0.377754907124
0.161421184428
-0.911726071499
-0.094049760140
0.389583252370
0.916176582687
0.421068420634
0.727380285971
0.541866499931
0.424337191507
-0.899286854081
-0.105929698795
0.167275840417
-0.974507873878
0.149509850889
0.794983422384
-0.207493421622
0.570041960105
0.057096540928
-0.307722849771
0.949761355296
0.347617836669
0.160430051386
-0.923809524626
0.667163773440
0.259318026714
-0.698317018338
-0.200826151296
0.005772999488
0.979609886184
-0.034305190668
-0.029429034330
-0.998978020623
-0.701093440875
-0.356687833555
0.617447790690
0.336129757576
0.546042090282
-0.767368763685
0.471637157723
-0.248661749996
0.846005747095
0.495403936133
0.843107303604
-0.209153086878
-0.361708432436
-0.243519719690
-0.899925082922
0.926027658395
-0.341716037132
-0.160321315750
-0.947021086700
0.307484458201
-0.092759730294
-0.445657438599
-0.670610367320
0.593018702231
-0.878483542241
-0.473140157759
-0.066370600834
-0.208393153735
0.974430531263
0.084008522332
0.286898937076
-0.559710469097
0.777440152131
0.876194996759
0.333151129074
-0.348270946182
-0.800749434158
0.588129738346
0.113594686612
0.725194451399
-0.673675926402
-0.142315682024
-0.766541481018
0.560666306876
-0.313157225959
0.617400386371
0.615390530787
-0.490011486225
0.047793389298
0.713023354299
0.699509462342
0.000367179513
0.372785378247
-0.927917520516
-0.943216469139
0.201605059206
0.264003961347
0.165988794528
0.983230178244
-0.075538970530
0.864749400876
0.183810438029
0.467356602661
0.242613269016
0.844825196080
-0.476874395274
0.864471244626
-0.068714877591
-0.497963584960
0.604578806087
-0.560451383702
0.566020063125
0.755782409571
0.574466047809
0.314295573160
-0.722263461910
0.466472436674
0.510626043193
-0.049881165847
0.726189714856
-0.685682409443
0.262873538770
-0.819314191118
0.509530919604
-0.800466514193
0.060111553408
0.596355563961
-0.994766991585
-0.073441772722
-0.071027717553
0.840513217263
-0.489921142347
0.231332669966
0.046956508420
-0.773453836329
-0.632110945880
0.145096311346
0.932519532740
0.330687738024
-0.459587211721
-0.847921689041
0.264212797396
0.501758670434
0.849369360134
0.163737367839
-0.496892408468
0.284032700583
0.820014243014
-0.154756667092
0.932382240891
-0.326670672745
0.722263463773
-0.466472406872
-0.510626067407
-0.307951361872
-0.870186123066
-0.384632381611
0.596369544044
0.105102725327
0.795799461193
-0.016194652766
-0.455452774651
-0.890112634748
-0.329179111868
0.511839191429
-0.793512289412
-0.928126488812
-0.224239993840
0.297149195336
0.383636341430
-0.532062361948
-0.754806464538
0.278066288680
-0.217565122992
-0.935598501004
-0.545056513511
-0.084731274284
0.834106711671
-0.746698880568
-0.598010500893
0.291245979257
-0.451947127469
0.733266668394
-0.507999788970
0.436639637686
-0.775170409121
-0.456570545211
-0.660844385624
-0.630655672401
-0.406888337806
-0.892005593516
0.153941524215
-0.425003560260
