0.989438351244
-0.108504339121
0.096117407084
0.820325993933
-0.331772261299
-0.465824462473
0.813713732176
0.166604862548
0.556877707131
-0.939778246917
-0.316787128337
0.128307290375
-0.772481643595
0.595565463416
0.220394844189
-0.255282876082
0.928081200458
0.271101341583
-0.216371276416
0.487476118840
-0.845902183093
-0.861552995630
0.406914483756
-0.303557305597
-0.023876762018
-0.923426982015
-0.383030688390
-0.664683805779
0.576045515016
-0.475780412555
0.761214701459
0.467367139645
0.449577727355
0.666682270356
0.319523692131
-0.673379060812
0.705204419792
-0.389882487245
0.592181028798
-0.782855478115
-0.439141036011
0.440786171705
-0.028013013303
-0.074722805060
-0.996810800396
0.642562814988
-0.668536345474
0.374395756051
0.860790750943
0.474932392128
-0.182971321046
-0.547298044898
-0.587544018403
-0.596034290269
-0.910229448229
-0.103299450129
0.401013184339
0.857480684295
0.497915716842
0.129641097039
0.339402835816
0.867237177677
0.364287510514
-0.160444041714
0.900471372530
-0.404238808900
-0.512184698135
0.745207961649
0.427003427409
0.958338222466
-0.069254701957
-0.277113038115
0.545902787708
-0.799807226285
-0.249596767128
-0.092747707851
-0.331009767950
0.939058248885
-0.828080505133
-0.544368260540
-0.133962202817
-0.304043249227
0.155529004522
-0.939876816235
0.695423868485
0.577283756807
-0.427935865708
-0.190859102644
0.775719892234
0.601524272002
0.026641566306
0.284023704007
-0.958447056822
0.178884992376
0.825655163266
-0.535064211115
-0.951794811524
-0.222124177963
-0.211536011659
-0.302842968144
-0.533675101586
-0.789605611004
-0.597644663416
-0.801722081378
0.007909467444
-0.008863436058
-0.417588857934
-0.908592859283
0.596678039059
0.317426736467
0.737031602301
0.407905945554
0.912864152342
0.017081506550
-0.705826940015
0.468244486488
0.531559432857
-0.782743860036
-0.598247175105
0.171500339173
0.576482507400
-0.601106197573
-0.553479228169
-0.833426134661
-0.101591973566
-0.543212617747
-0.774113684893
0.114811466075
0.622548254207
0.079185730778
0.989462318830
0.121218558401
-0.603026766330
-0.729945596308
-0.321773434989
-0.599570747465
0.030647254549
-0.799734745175
0.454835526645
-0.287051011808
0.843045881949
-0.054250237532
0.536282694899
0.842293168418
0.337428732775
-0.842881693505
0.419156652875
0.923441868275
-0.369746359996
-0.102677864954
-0.220047164708
0.972638884559
-0.074517412111
0.258881657384
0.068516650237
-0.963475871831
0.676018380560
-0.055945368484
0.734757962637
0.977357670665
0.201772150584
-0.063717981800
0.594700547867
-0.310884688981
-0.741405400448
0.298008640297
0.445823557675
0.844056990929
-0.057766716927
-0.998028079979
-0.024555184878
-0.997405253351
0.018549997360
0.069560456090
-0.404104521498
-0.308978706598
0.860948136076
-0.933066870086
0.359677476808
0.004281059839
0.627894201316
0.733890024945
0.259141470306
-0.328161602840
-0.926429962739
0.184492505156
0.754556605592
-0.655339569785
0.034269167110
0.763414098881
-0.580670014955
-0.282880268991
-0.518416204490
-0.553785394877
0.651587579399
0.306741994806
-0.555146361701
-0.773124740459
0.452044307254
0.827236049809
-0.333671187051
0.171735908836
0.727215107530
0.664578787051
0.548155930825
0.022526410408
-0.836072744802
0.260194417089
-0.947976074181
-0.183412721381
-0.017038959078
-0.937428398989
0.347760937177
0.679342829622
0.728277405724
-0.090029661544
-0.273824084550
0.287036913447
0.917948897928
0.877123394981
0.249000327662
-0.410674304701
0.496265295893
0.634309098125
0.592767005786
0.140491121449
0.576819794253
-0.804699427448
-0.746132535860
0.654164060019
-0.123917796649
0.403651271947
0.089128930122
0.910561191849
-0.186532284133
-0.031394947320
0.981947077438
0.031619171612
0.904388340190
0.425537255593
-0.533151009120
0.842383338138
0.078360143118
0.132294001058
0.967481431551
-0.215587510727
0.888871046714
-0.127906019799
0.439941258170
0.291954070330
-0.808008647524
-0.511746856384
0.084582796320
-0.762389037758
0.641567381099
-0.330316722393
-0.204998170957
-0.921339574270
-0.562689456157
0.304473618045
0.768554741517
-0.785834421404
-0.428467763588
-0.445959231816
-0.484042733908
0.828840246424
-0.280582387932
-0.955873413011
0.106791817583
-0.273681431077
0.430891636759
-0.610321339220
0.664710657671
0.167977386154
-0.492584954947
0.853899091482
0.215801201761
-0.966498872265
0.138959595934
0.503713035956
-0.858595114201
0.095328941941
-0.094905411825
0.734532124363
-0.671904397197
0.379969586618
0.347112118267
-0.857400891371
-0.337511395104
-0.921546051279
-0.191934706643
-0.305417734198
-0.793955404311
-0.525694608688
-0.696991362609
-0.226917464286
0.680229007266
0.298626797274
-0.244653807953
-0.922478481196
-0.567825440317
-0.737693848088
0.365215078928
-0.782843412831
0.238340184093
-0.574760947376
-0.511504551396
0.009384725243
0.859229316935
0.871761660092
-0.416238699108
0.258412369527
-0.604173500091
-0.305583841167
-0.735929952934
-0.400827450678
0.566203607246
0.720243589021
0.794721859507
-0.022726526484
-0.606548159383
-0.003569619730
-0.718706738204
-0.695304164663
-0.528677231632
0.384747893550
-0.756617103703
-0.908097059466
0.258294301108
0.329611564055
-0.395807253197
0.692486312240
-0.603157794103
-0.186904753558
-0.593306484632
0.782977666706
0.942754739895
0.193172375672
0.271841742098
0.162495363504
-0.137760502286
0.977045187727
-0.271828237921
-0.803450047038
0.529695600271
0.070025010034
0.214221893810
0.974271767773
0.447740066797
0.620736730285
-0.643595170230
