-0.376925858669
-0.692630221136
0.614971765317
0.218653056771
-0.401127556339
-0.889543434605
0.523066481575
-0.424517812207
0.739044032060
0.310335407965
0.495626015589
-0.811200829223
-0.564183545299
0.110760172829
-0.818186476827
0.319892923348
0.059764419682
0.945566883311
0.309094855562
-0.938633228652
-0.153062181547
-0.232840035111
0.557131501846
-0.797113547102
0.135602153838
0.990270850249
-0.031236156821
-0.039993258193
-0.961582912132
0.271585789509
-0.929283944890
0.131452915259
-0.345183254220
-0.919391668402
-0.383019648492
-0.089526014403
-0.600666369312
-0.787289293483
0.139195832424
-0.791045097634
0.607535212301
-0.071753875352
0.983510598540
-0.073390925303
-0.165289665572
-0.327779808082
-0.397364013828
-0.857124399394
0.464128615335
-0.692989832722
-0.551678999327
0.130868309177
0.864094132558
0.486019355245
0.784628373571
-0.602709569037
-0.145256631076
0.880369344726
0.454348433763
-0.136078348383
-0.043207446113
-0.790856126696
-0.610474981368
0.545930232853
0.754586502910
-0.364087061957
0.769142664038
0.272758557461
-0.577946649864
-0.570732574910
-0.703676222824
-0.423206922598
0.738487694412
0.019053818658
0.673997682519
0.084608580917
0.847536935471
-0.523948975839
-0.217575337738
-0.959902957082
-0.176769015379
0.741736053489
-0.281064786017
-0.608958299272
0.451843208633
0.030824436806
-0.891564673744
-0.820945443586
-0.363413503394
0.440430700779
0.562916367315
0.509931237437
0.650457757525
0.889402116649
-0.331613587216
0.314636778086
-0.737133992836
0.552686147392
0.388807790354
-0.361868903041
0.878950987011
-0.310638146475
-0.763030608185
-0.283419555053
-0.580911047757
-0.232068128884
0.148715536110
0.961263788864
0.608498265967
0.769622341730
0.193420033902
-0.006469377317
-0.358276297338
0.933593188412
0.144645889290
-0.740195753053
0.656648926437
-0.055196989328
0.079222127795
-0.995327657089
-0.976008119062
0.111432044767
0.187058947049
0.534971090034
-0.785615710542
0.310827746056
0.106651350856
0.509907511063
0.853592301719
-0.495522161014
-0.262880215421
0.827859758399
-0.365963633172
0.904329586774
0.219678441063
-0.354799401946
0.620771524496
0.699113793671
0.919480549172
0.260016728193
0.294867460616
-0.714562909678
0.156749796122
0.681783945300
-0.659403380938
0.522565788589
-0.540474028327
