0.783301169984
-0.504079121165
-0.363790481351
-0.139524092898
-0.026525739580
-0.989863329567
0.872749670409
0.487949301489
0.014611299150
-0.217257834971
0.722490859218
-0.656358126551
0.458188780583
0.746756483801
-0.482097286731
0.337982248515
0.715010529384
0.611986880191
-0.949586250819
-0.291751970537
-0.114746410400
-0.166345468722
-0.837594740093
0.520350107923
-0.136813157238
-0.960950797424
-0.240532168187
0.200362592936
-0.881936496124
-0.426664793864
-0.142941264436
-0.759841143154
-0.634199677035
0.968638286926
-0.222643694840
-0.110316150822
-0.159033452161
0.397501857951
-0.903714906424
0.663146564737
-0.289135247469
0.690389339812
-0.162503678352
-0.973107057624
0.163264228962
0.817153713666
-0.575238364749
0.036886733025
-0.817443424836
-0.257581460290
-0.515206791461
0.063404702581
-0.647803331725
0.759164465591
-0.681969640777
0.666768772528
0.300560828298
-0.332009547390
0.846317905001
0.416552112438
0.495353808627
-0.684213135391
-0.535235451534
-0.913745074533
-0.302357208915
0.271385438740
-0.198401339352
0.357745992020
0.912499157712
0.843266122974
-0.148286813870
-0.516636492684
0.172744373791
0.593523939140
-0.786058975384
0.432331615128
-0.644224549644
0.630923214369
0.558426812291
0.008353853598
-0.829511728138
0.182549347170
-0.894031584263
0.409124994650
-0.779561194591
-0.615372514352
0.116623373702
0.242393449880
0.954744214192
-0.172362695448
-0.060775810853
0.992788248695
0.103333408944
-0.361785205081
-0.589396504685
0.722304107621
0.227843338624
0.411960612051
0.882256122306
0.104262689129
0.851864611730
-0.513279624283
-0.539523751475
0.485580718145
-0.687841177918
-0.503566736355
-0.863072841428
-0.039061632007
-0.822552090511
0.329719175585
0.463350107893
-0.176491114311
0.942957041785
-0.282281599939
0.222672280855
-0.224926344119
-0.948591162451
0.609554055147
0.788218040019
-0.084594173357
0.215099228546
0.206555088051
-0.954498463310
-0.520739197731
0.761007861234
-0.386907897890
-0.701991004869
-0.479960561730
0.526162034832
-0.457969050854
0.168079002760
-0.872934015468
-0.728501196951
0.679831220768
-0.084353515878
0.647204619832
0.687121258117
0.330137176439
0.599479356781
0.417239840142
0.683033977635
0.345964939333
0.912876786664
0.216712325811
-0.166528048925
-0.426054072566
-0.889239189215
-0.813070925884
0.442706155591
-0.378056777641
0.762777459808
0.526281522587
-0.375763627701
-0.962222736329
0.080515344627
-0.260085915215
0.843690830283
0.376430702396
0.382734512910
0.212389238179
-0.977143559605
-0.009015187621
0.814694988541
0.057301292196
0.577051674947
-0.984029712155
0.044298270717
0.172404138371
-0.764572008513
0.122251532972
-0.632838213816
-0.745071534999
-0.598748390563
-0.293885642663
0.494918702170
0.059986437671
0.866866255179
0.566057950258
-0.374670471065
-0.734302684665
-0.442801142111
0.896335255355
0.022588866763
-0.287358146161
0.003236136399
0.957817739807
-0.117711980827
-0.333891290240
0.935232855380
0.784746335819
0.209686307237
-0.583270811476
0.551396677271
-0.815292553045
-0.176804288290
0.913511151448
-0.255512404256
0.316560870968
0.521898415871
-0.821567168459
0.229454634711
-0.081380240619
0.676705339924
0.731742534786
0.722056155093
-0.556028256193
0.411664287560
-0.918473808095
0.392996455543
0.044267922640
0.956481819041
0.167564237490
-0.238882305101
-0.822826628573
-0.066691409796
0.564365656115
0.100692003034
0.035451384261
0.994285833091
0.303435619920
-0.325741489418
0.895443635993
-0.535344826058
-0.238519745879
0.810255667195
-0.523219490424
-0.191879817285
-0.830315301195
-0.519592423923
-0.538570420817
-0.663299038075
0.199517739937
-0.600891128182
-0.774030052125
0.981746689416
0.098378888331
0.162772941403
-0.501089330763
-0.787213644944
0.359449799173
-0.587647005916
0.188559059054
0.786839549430
0.045454854146
0.892142840661
0.449460795149
-0.441014668904
-0.801222528331
-0.404411325231
-0.495298739523
0.559318206273
0.664712194353
0.521979486570
0.424873993732
-0.739607668482
