0.190616942011
-0.946421951987
-0.260673492216
-0.344462861307
-0.013722306117
0.938699650578
0.715402177535
0.695384696126
-0.068116421811
-0.158342283219
-0.811173771508
-0.562960772775
0.908363500610
0.334403588437
0.251097571105
0.495992395096
-0.292831385508
0.817460287362
-0.572557763197
0.819500838406
0.024412754923
0.324585249647
0.490618465468
0.808664291166
-0.803925983608
0.467447167262
0.367690301500
-0.319438014179
-0.937357408926
-0.138997988775
-0.219515244476
-0.439326443709
-0.871094330214
-0.557133242488
0.373588141054
0.741643073969
0.491948121227
-0.861124768853
0.128262140788
-0.110007250682
0.988045892678
0.107998695225
-0.881310447119
0.465691243298
-0.080147111788
0.863460488617
-0.503305313177
0.033462605439
0.096855727024
0.822423840873
0.560569346882
-0.227736439556
0.054279158823
-0.972208766267
-0.658889308572
-0.205584050156
-0.723602152430
-0.858734867536
-0.415319753811
0.300139849074
-0.991879309528
0.036773129366
0.121750446968
0.359849506058
0.915224855766
0.181305805221
-0.236932397820
0.895543552004
-0.376649416983
0.876255513169
-0.152666170150
0.457022225484
-0.392951196991
0.772493926808
0.498841146007
-0.251087995246
0.550992304459
-0.795840623789
0.591662741266
-0.362113808282
-0.720283824950
0.006097837351
-0.972251177765
0.233859922737
-0.793983525597
-0.015590013005
0.607739344239
-0.010772714391
-0.399957315996
0.916470454074
-0.640878158621
0.618238884024
-0.455033916980
0.137197809294
0.738471331075
-0.660179409198
0.623785791919
-0.695786292665
-0.356051567011
-0.904347206466
0.138160634786
-0.403816501610
-0.605695435777
0.253808516078
-0.754131469876
0.285182070918
-0.735307958908
0.614811670966
0.654746872373
0.116831445135
-0.746764316224
0.665324755013
0.188541959040
0.722353721038
0.885940901935
-0.223176955245
-0.406571966596
0.998655122705
-0.050898177549
0.009865084663
0.608242853545
0.645973412320
0.461258040741
-0.914798914455
-0.317361506633
-0.249849191867
0.222674724646
0.336237694137
-0.915073865093
-0.717544908635
-0.693528809585
-0.064397926442
-0.580151120201
-0.631467882544
-0.514463787898
-0.532958763652
-0.439346834086
0.723138515837
0.904167766683
0.295005785301
-0.308953450993
-0.499421633780
-0.800390909426
0.331590745598
0.227058053948
-0.172802552581
-0.958427836187
0.577698170207
0.588349881582
-0.565781971440
0.278951696120
0.922772833146
-0.265850049444
0.679803268053
-0.569742325693
0.461802119389
-0.171727309935
-0.749945661053
0.638820189983
0.239792237990
-0.654912035912
-0.716651872732
0.182303538546
0.066034804098
0.981022335589
-0.135431262664
0.472575562075
0.870821858756
