0.596891322173
-0.727980815805
0.337290200405
-0.184751464054
-0.938971525058
0.290171275847
0.632242172956
0.755201506428
0.173033284955
0.628423118964
0.719066878781
-0.296693791635
-0.444573869929
-0.752444999292
-0.485984152183
-0.013187529519
-0.769634998403
-0.638347911648
0.812835870311
-0.370128246956
0.449780977331
0.054934464395
-0.441507367417
0.895574367605
-0.559488722123
0.828790467232
0.008872940205
-0.039404406212
0.774205671623
0.631706316024
0.562997034751
-0.312145561911
-0.765244722366
-0.081209220923
-0.039475963451
-0.995915011503
0.815017700195
-0.410172988661
-0.409272850491
0.173126203939
-0.794126451015
0.582572309300
0.376932157204
0.045110099018
-0.925141733140
0.271530526690
-0.911520579830
-0.308871177956
-0.839805573225
0.489300303161
-0.235184631310
-0.626254533418
0.414214236662
-0.660478481092
-0.292199762538
0.318927858956
-0.901612066664
0.769823703915
0.023323663510
-0.637830283493
-0.122747856192
0.031390387565
0.991941331886
-0.681052387692
0.404391294345
0.610438632779
-0.992957264185
0.118471186608
0.000669108704
-0.469423986040
0.753570877947
0.460186976008
0.901195351966
-0.431302912533
0.042716911994
-0.110002921894
-0.974126260728
-0.197426909581
-0.572949844413
0.046964305453
0.818243746646
0.528307072818
0.301442945376
0.793740376830
0.270353186876
0.956170535646
-0.112459146418
-0.919413944706
-0.335958138108
0.204475244507
-0.550489487126
-0.035895645618
-0.834070037119
-0.153103704564
0.945974448696
-0.285817418247
-0.312911662273
0.452915234491
0.834837757051
0.795871070586
0.399254177697
0.455176162533
-0.942634521052
-0.244888136163
-0.226869916543
-0.150463392027
0.971803349443
0.181546182372
0.966167122126
0.010080960579
0.257719741203
-0.869450204074
0.080888277851
-0.487353494391
0.255759658292
-0.957373263314
0.134251368232
0.161221910268
-0.415419720113
-0.895228435285
-0.203762684017
0.694165759720
-0.690372845158
-0.834612838924
0.502932842821
0.224677465856
0.979386835359
-0.024683861993
-0.200479754247
-0.771088450216
-0.617881234735
-0.153770541772
-0.890464580618
0.052387769334
0.452026935294
-0.714375615120
-0.384949082509
-0.584364340641
-0.632350591011
-0.707976656035
0.314486538060
0.454491393641
-0.669436576776
-0.587615725584
-0.301861486398
-0.689988092519
0.657872384414
-0.357810667716
-0.319890949875
0.877292029560
0.487806047313
-0.463938318193
0.739463654347
0.731969518587
-0.037660235539
0.680295765400
-0.700229956768
-0.367838222533
0.611860317178
-0.471668995917
-0.880543266423
-0.046603785828
0.844506795518
0.356312567368
-0.399811987765
0.908052356914
0.418685107492
0.011987323873
0.248076728545
0.914432859980
0.319797560573
0.325580265373
-0.059270205908
0.943654879928
0.635159845464
-0.760626627132
-0.134235252626
0.428688722663
0.667022369802
0.609349763952
0.132832812145
0.410906990059
0.901948384941
-0.525859463029
0.746816694736
-0.407107660547
0.232663249597
0.791486182250
-0.565170269459
0.128173552454
0.427310275845
-0.894973444752
-0.310015982017
-0.446592859924
-0.839312163182
0.542412058450
0.451531030238
-0.708455282263
