0.629558540881
0.133531843312
-0.765392245725
0.062425674871
0.359472312033
0.931065352634
0.949188245460
0.031312984414
0.313147203065
0.415265076794
0.909528427757
0.017690519802
-0.979376357980
0.198301272467
0.038711144589
-0.747016597539
0.105731332675
-0.656343726441
0.796001392417
0.417103875428
-0.438641240820
0.590361931361
-0.662809783593
-0.460603928193
-0.253329769708
0.944212797098
-0.210442915559
-0.737941395491
-0.323163388297
-0.592459213920
-0.848182917573
0.380080266856
0.368950845674
-0.590361957438
0.662809740752
0.460603957064
0.148623633198
-0.486825315282
0.860762526281
0.240583049133
0.875591558404
0.418878523633
0.848182904534
-0.380080299452
-0.368950843811
-0.510610566474
-0.507763467729
0.693868220784
0.737941395491
0.323163435794
0.592459187843
0.452461401001
0.178651053458
0.873706175014
0.618638543412
0.701827789657
0.353162999265
-0.011896003038
0.994570359588
0.103384154849
-0.949188236147
-0.031312936917
-0.313147236593
0.968093834817
0.231472827494
-0.095993001945
-0.240583086386
-0.875591558404
-0.418878503144
-0.314556910656
0.125316520222
0.940930240788
0.011895979755
-0.994570363313
-0.103384121321
0.894199723378
0.002666582353
-0.447660299018
0.460765703581
-0.879695362411
-0.117605418898
-0.791962780058
0.608781178482
0.046695079654
-0.629558540881
-0.133531892672
0.765392237343
0.559603054076
-0.516211196780
0.648359792307
-0.148623590358
0.486825325526
-0.860762528144
-0.894199732691
-0.002666613087
0.447660279460
-0.130066906102
-0.938013660721
0.321267756633
0.322806750424
-0.538326850161
-0.778460020199
-0.559603011236
0.516211237758
-0.648359796964
-0.968093841337
-0.231472813524
0.095992966555
0.747016626410
-0.105731278658
0.656343702227
-0.212836644612
0.860164396465
0.463484382257
-0.415265099145
-0.909528417513
-0.017690513283
-0.760601464659
-0.645271068439
0.071488868445
-0.509959856980
-0.768274353817
0.386904975399
-0.853585868143
0.396300173365
-0.338138043880
0.081229902804
-0.056442110799
0.995095970109
-0.171456605196
-0.707065560855
0.686047319323
0.853585892357
-0.396300132386
0.338138030842
-0.876116549596
-0.419837008230
-0.236973999999
0.876116539352
0.419837049209
0.236973966472
-0.244326084852
-0.312386382371
0.917997554876
-0.431968012825
0.214264163747
-0.876067635603
-0.452461388893
-0.178651026450
-0.873706187122
0.253329775296
-0.944212788716
0.210442945361
0.244326108135
0.312386353500
-0.917997558601
0.509959856980
0.768274350092
-0.386904982850
0.593568099663
-0.747578979470
0.297997616231
0.649754592218
-0.282937090844
-0.705525032245
0.212836608291
-0.860164426267
-0.463484344073
-0.081229879521
0.056442101486
-0.995095972903
-0.649754609913
0.282937031239
0.705525039695
-0.618638569489
-0.701827761717
-0.353163011372
0.171456631273
0.707065555267
-0.686047318392
-0.322806778364
0.538326797076
0.778460045345
0.230613283813
-0.788004755042
0.570846755058
0.791962780058
-0.608781179413
-0.046695068479
0.411708138883
0.570202744566
0.710890453309
-0.038859198801
-0.695704830810
-0.717275923118
-0.593568078242
0.747579001822
-0.297997602262
0.510610578582
0.507763440721
-0.693868231960
-0.411708160304
-0.570202729665
-0.710890453309
-0.796001397073
-0.417103892192
0.438641216606
0.431968051940
-0.214264132082
0.876067624427
0.979376359843
-0.198301261291
-0.038711164147
-0.460765717551
0.879695350304
0.117605454288
0.760601448826
0.645271085203
-0.071488892660
0.314556909725
-0.125316571444
-0.940930234268
0.038859164342
0.695704807527
0.717275947332
0.130066909827
0.938013665378
-0.321267739870
-0.062425683253
-0.359472333454
-0.931065343320
-0.230613251217
0.788004773669
-0.570846742019
