-0.678442903794
0.733036077581
-0.048716879450
-0.950130927376
-0.142963637598
0.277150893584
0.661108126864
-0.419902782887
0.621785892174
0.917814870365
0.085692178458
-0.387650246732
0.728285785764
0.646661782637
-0.226778198034
0.296183847822
0.814452255145
-0.498941530474
-0.056865493767
0.568394874223
-0.820788390003
0.324512406252
-0.040161047131
0.945028458722
-0.180796675384
-0.981453170069
0.063735678792
-0.232952836901
-0.216153969057
0.948161608540
-0.135852990672
0.364783950150
0.921127913520
0.554976467043
0.401666795835
-0.728467504494
-0.560270173475
-0.777651106939
-0.285229885019
0.011607139371
-0.397705382667
-0.917439754121
-0.901488730684
-0.357299406081
-0.244244141504
-0.696821234189
-0.684903332964
0.212949737906
-0.218338188715
0.903633897193
-0.368475526571
0.396084216423
0.457902069204
0.795891316608
0.178592137992
0.110164971091
-0.977736430243
0.277415660210
0.960571804084
0.018502966501
-0.865317441523
0.386672010645
0.318920805119
-0.516133639030
-0.459370887838
-0.722900029272
0.356419273652
-0.918548903428
-0.170977224596
-0.239747805521
0.956407914869
0.166747980751
-0.265158135444
-0.753907701001
0.601094285026
-0.646472656168
0.147444387898
0.748554110527
0.802959339693
-0.490542681888
-0.338561923243
0.966442114674
-0.210193089209
0.147677020170
0.176727587357
-0.542015300132
0.821575785987
-0.099874389358
-0.843020481057
-0.528527741320
-0.601165203378
0.530977039598
-0.597213345580
0.392406006344
-0.659108965658
-0.641555060633
-0.355976957828
0.078402596526
-0.931199998595
0.785681307316
0.131766646169
0.604435632005
0.274918647483
-0.871038771234
0.407076398842
-0.651503573172
-0.382601926103
0.655102173798
-0.778235375881
0.006558786146
-0.627938436344
0.631941062398
0.684903648682
0.362708539702
-0.480935709551
0.676055507734
0.558256027289
0.589892197400
-0.180039513856
-0.787154982798
0.942421333864
0.313190250657
0.117277005687
-0.952923803590
0.236519745551
-0.189722518437
0.712659241632
-0.683970959857
0.155886273831
0.086356077343
0.816693825647
0.570573239587
