-0.868701030500
0.130995999090
0.477701336145
0.843551224098
0.374595132656
0.384837391786
0.979664432816
0.048934779130
-0.194584135897
-0.488938696682
0.872120023705
-0.018590701744
-0.788855579682
0.402136888355
-0.464750250801
-0.145695840940
0.987589030527
-0.058656861074
-0.052520162426
-0.997899998911
-0.037910734303
0.065073715523
-0.747926876880
0.660583678633
-0.174660772085
-0.259913292713
0.949704529718
-0.080653988756
0.200604101643
-0.976346724667
-0.617440592498
0.118094789796
0.777702214196
-0.238190535456
-0.556715388782
0.795822368935
0.535042895935
0.844284624793
-0.030208778568
-0.987998388708
0.118398142047
0.099202135578
-0.554562469944
-0.534100990742
0.638119579293
-0.517634534277
-0.748242394999
-0.414955183864
-0.293123763055
-0.797243581153
0.527713114396
0.832314868458
-0.526649729349
0.172893089242
-0.812183643691
0.082679130137
-0.577513540164
0.662087487988
-0.591353640892
0.460370532237
0.840593574569
0.042105546221
0.540027373470
-0.094840488397
0.838925099000
0.535919732414
0.606018959545
-0.782395132817
0.143523084931
0.360937857069
-0.826552812941
0.431896178052
0.416470732540
0.415492497385
-0.808652034029
-0.855154814199
-0.233073757030
-0.463019293733
0.235697008669
0.783349161036
0.575161725283
0.890169711784
-0.266623474658
0.369472334161
-0.365959116258
0.039238265716
-0.929803356528
0.314048779197
0.509240346029
0.801278748550
-0.612111192197
-0.474986167625
-0.632224665023
0.979407030158
0.062011847273
0.192136408761
-0.669682475738
0.440216622315
0.598109275103
-0.761581836268
-0.189993442968
0.619593090378
-0.790370665491
-0.454949777573
0.410286375321
0.737828378566
0.644804677926
-0.199590107426
0.073588124476
0.487604062073
-0.869958082214
-0.362468519248
-0.919141687453
-0.154256700538
0.965421563946
-0.260570174083
-0.008024102077
0.241383195855
0.132689710706
-0.961315552704
0.527975685894
-0.825162135065
-0.200870914385
0.350819381885
0.167706301436
0.921303617768
-0.957253852859
0.095344931819
-0.273083143868
-0.032637069002
-0.144040904939
-0.989033386111
-0.340944749303
-0.921131572686
0.187811879441
0.695440007374
0.301016604528
-0.652496895753
0.291441140696
-0.953732644208
0.073865443468
0.403318935074
-0.569844827056
0.715968371369
-0.594978466630
0.267064578831
-0.758074622601
-0.363661308773
0.403562021442
0.839576170780
-0.635140500031
-0.771180008538
-0.043335180730
-0.608403528109
-0.726717808284
0.318945720792
0.416917824186
0.865837786347
0.276594387367
0.880908983760
-0.292047085240
-0.372435041703
-0.285348193720
0.070173460990
0.955851500854
-0.613912528381
0.714583501220
0.335383102298
0.378894505091
-0.539197809063
-0.752133416012
0.862416995689
0.353500926867
-0.362317565829
0.413662279956
0.841248491779
-0.348115629517
-0.943431545049
-0.184734800830
0.275336108170
-0.969070727937
-0.225113484077
-0.101122906432
-0.749574461021
0.660815988667
0.038214587606
0.078380107880
-0.761587628163
-0.643304626457
0.009450938553
-0.941803106107
0.336032122374
0.106863817200
-0.445685384795
0.888788310811
-0.161629664712
-0.894740640186
-0.416311225854
-0.338286740705
-0.340108633041
-0.877432730980
0.021257816814
-0.483101777732
-0.875306104310
-0.630278357305
-0.133333319798
-0.764834241942
0.798112071119
-0.583588398062
-0.149805546738
-0.796556387097
-0.532947187312
-0.285421119072
0.614183632657
0.003206747584
0.789156625979
-0.486496782862
-0.237262330018
0.840849252418
0.924824271351
0.380337863229
0.006570858881
0.573196485639
0.629833323881
0.524171508849
-0.902738437057
0.413933341391
-0.117143081501
0.632791915908
0.329527437687
0.700703972951
0.081465842202
-0.057692430913
0.995004974306
0.561825539917
0.044299563393
-0.826068768278
0.040995313786
0.919921209104
-0.389954295009
0.218972282484
0.974039201625
-0.057434927672
0.836820150726
0.011860955507
-0.547349386849
-0.664498369209
0.687568842433
-0.292730256915
-0.852579189464
-0.515766075812
0.084226363339
-0.049920268357
0.615617961623
0.786462008022
0.245891815051
0.720655384474
-0.648222979158
0.064277712256
0.962741595693
0.262672790326
-0.389530521818
0.689307909459
0.610835965723
0.387771137990
-0.770877808332
-0.505352299660
0.181513574906
-0.937511364929
-0.296858992428
-0.278821542859
-0.660552501678
-0.697086034343
0.655021918938
-0.284126867540
-0.700155844912
0.325321335346
-0.231175770983
-0.916909914464
-0.501832200214
0.612576658837
-0.610667076893
-0.336751493625
0.865771743469
-0.370186059736
-0.296100306325
0.432600529864
-0.851575826295
-0.307814897969
0.908171780407
0.283679406159
0.388535003178
-0.228491030633
0.892654691823
0.661491074599
-0.574933891185
-0.481539798900
0.005127917044
0.307938566431
0.951392423362
-0.139706220478
0.730589872226
-0.668371610343
0.732569619082
0.655010653660
0.185210136697
0.680349065922
-0.304095494561
0.666821623221
0.595493220724
0.600471497513
-0.533686989918
-0.862371418625
0.427669351920
0.270951029845
