-0.661570613272
-0.706873970106
-0.250306837261
-0.047433478758
0.952978662215
-0.299302077852
0.667761482298
0.725036209449
-0.168573711999
0.602318922989
-0.769561168738
-0.212102619931
0.239271523431
0.597561135888
-0.765290680341
0.297027569264
-0.872182329185
-0.388680597767
-0.176758013666
-0.597143290564
-0.782417084090
0.213467001915
0.891431380995
0.399727321230
0.020985879004
-0.984741973691
-0.172750795260
0.091591192409
0.445379400626
0.890644845553
0.940961185843
-0.073647875339
0.330405863933
-0.692614036612
0.575113879517
-0.435350226238
-0.278861062601
0.522001990117
0.806070982479
0.522707776166
0.004585916176
-0.852499589324
0.341408463195
0.911808609962
-0.228134431876
-0.369103964418
0.310691411607
-0.875918436795
-0.351193957962
-0.897659114562
-0.266215922311
-0.347669286653
-0.663816447370
0.662173534743
-0.077943895943
0.480538753793
-0.873502864502
-0.136202316731
0.936246781610
0.323868632317
-0.931733445264
0.317438580096
0.176367608830
0.188620684668
-0.104017724283
-0.976525754668
0.553428999148
-0.617309613153
-0.559146834537
-0.871173890308
-0.445612366311
-0.206120525487
-0.419607842341
0.595008177683
-0.685488530435
-0.625582401641
-0.383378718048
0.679461121559
-0.766101678833
0.601394010708
0.226745366119
-0.733536430635
-0.436043918133
-0.521334829740
0.229114160873
-0.289695348591
0.929291829467
-0.399186242372
0.831556172110
-0.386218428612
-0.005838871934
-0.815986579284
0.578041355126
-0.105460894294
0.114513010718
-0.987808062695
0.459026959725
0.882219942287
0.104796103202
0.521439178847
-0.044494309463
0.852127594873
0.094439006411
0.994465180673
0.046046466567
0.181450005621
0.091036518104
0.979177331552
0.208132582717
-0.684852735139
-0.698324822821
-0.991173375398
0.106375342235
-0.079117790796
0.241334735416
0.263497903012
-0.933984153904
0.681341563351
0.476524846628
0.555605744943
-0.589902731590
0.579189618118
0.562631453387
-0.808701965027
0.306416851468
0.502105410211
-0.557707374915
0.269221774302
0.785163752735
-0.294517467730
0.955221172422
-0.028495108709
-0.079704093747
-0.851494362578
-0.518270784989
0.996427333914
0.084454366937
0.000163824297
-0.551367073320
-0.830598428845
0.078106329776
0.761098398827
-0.241015010513
0.602196803316
0.519349485636
0.746264306828
0.416372063570
-0.970108024776
-0.238348726183
0.045610356145
-0.878697304986
0.223441948183
-0.421858674847
-0.808368708007
-0.579454228282
0.103792232461
-0.311639290303
-0.873719852418
0.373489719816
-0.658603568561
0.286241521128
-0.695921784267
0.283308576792
-0.636320193298
0.717518542893
0.549137684517
0.381762584671
-0.743441410363
0.780122715048
0.115295341238
-0.614910994656
-0.852125511505
-0.341775087640
0.396322975866
0.464969611727
0.314054253511
0.827751886100
0.904706683010
0.302696022205
0.299801492132
0.431155567057
-0.372231950983
-0.821917423047
0.748383834958
0.633460181765
0.196595603600
-0.870281183161
0.474561407231
-0.131917143241
-0.109697978012
0.764853127301
-0.634796066210
-0.929394542240
-0.139827009290
-0.341576038860
0.099810673855
-0.427319543436
-0.898574335501
-0.186128345318
-0.243763754144
-0.951806425117
0.509775522165
-0.384311872534
0.769696888514
-0.766730758362
-0.038468717597
0.640815183520
0.507907923311
0.693374667317
-0.511137076654
-0.627499383874
-0.658745307475
0.415089318529
0.723874256015
-0.261376091279
-0.638504971750
0.930071628653
-0.123278361745
-0.346076885238
-0.472586977296
-0.068635162897
0.878607285209
-0.319015065208
0.767844217829
0.555557956919
-0.202184527181
0.197155548260
0.959297193214
0.195373066701
0.832595451735
-0.518280017190
-0.950227287598
0.003988681361
0.311532005668
-0.241839126684
-0.969066214748
0.049239292741
-0.496235240251
-0.373639777303
-0.783673338592
0.345471202396
0.637574790046
0.688584079035
0.622238360345
-0.760525087826
0.185529005714
-0.497308829799
0.828431577422
0.257652959786
0.927044442855
0.208392553963
-0.311706823297
-0.103721459396
-0.159705201164
0.981700619683
-0.468419133686
-0.014040410519
-0.883394804783
0.816481876187
-0.577122358605
-0.016944838688
-0.632060771808
0.768871254288
-0.096623881720
0.843572301790
-0.443200986832
0.303246855736
0.962741361931
-0.270208755508
-0.010784098879
-0.337273257785
-0.381754323840
0.860529130325
-0.035450952128
-0.534712866880
0.844289866276
0.765933435410
0.470080535859
-0.438600342721
0.604789932258
-0.603692716919
0.519407585263
0.338558466174
-0.850599951111
0.402315656655
0.769757959060
0.132007998414
0.624537085183
-0.448542744853
-0.693672341295
-0.563585030846
0.893472961150
0.444560485892
-0.063812543638
0.044042467140
-0.972108040936
0.230361057445
0.345933218487
-0.938231742010
0.007169716060
0.000889803283
0.748001579195
0.663696350530
0.817149335518
-0.466403576545
-0.338725060225
-0.749479975551
-0.081493158825
-0.656992107630
