0.131561492570
-0.349299188703
-0.927729297429
0.942065868527
0.152803896926
-0.298601520248
-0.536178678274
0.123064208776
0.835085399449
-0.679633633234
-0.117128288373
0.724140239879
0.901287730783
-0.142511464655
-0.409109896980
-0.631385351531
-0.761521447450
-0.146415919065
0.505120243877
0.025348470546
0.862676644698
0.571589265950
0.668275127187
-0.476123999804
0.990340490825
0.138620299287
-0.003181900829
0.233183709905
-0.908641709015
0.346403811127
0.520780926570
-0.834099029191
0.181840686128
-0.742742041126
0.211672187783
0.635239438154
0.090494443662
-0.793258457445
-0.602122724056
-0.386116375215
0.919019316323
0.079483585432
0.710857121274
-0.123587397859
0.692393173464
-0.014314540662
-0.099853659049
-0.994899160229
0.971777361818
-0.064074502327
0.227031309158
0.023482823744
0.196904633194
-0.980141378008
0.127986731939
-0.339171672240
0.931977452710
-0.077749233693
0.868367568590
-0.489788548090
0.570805075578
0.816348936409
0.088068034500
-0.258689139038
0.359012586996
-0.896766352467
-0.297397837043
-0.665088764392
0.684990117326
-0.074044865556
-0.972934442572
0.218897068873
0.708262014203
-0.190958715975
-0.679632022977
-0.497497261502
0.502715004608
-0.706947025843
0.230088920332
-0.972602545284
0.033217110671
-0.083023690619
-0.991211952642
-0.102985095233
0.611279056408
0.383882636204
-0.692078055814
0.229370892979
-0.020202867687
0.973129403777
0.797085222788
0.127715067007
-0.590206749737
-0.392199467868
-0.133219208568
0.910182519816
0.565962998196
-0.516357983463
-0.642697685398
-0.984147668816
0.050472917967
-0.170017204247
-0.283627423458
0.028439170681
-0.958512752317
-0.167225234210
0.512180905789
0.842440763488
0.864833866246
0.083805122413
0.495014226064
0.661624442786
0.228892089799
0.714045871049
0.212337063625
-0.763543325476
0.609847981483
-0.202306926250
-0.396483376622
0.895473526791
-0.352368270047
-0.853673105128
0.383508579805
0.446828830056
-0.268298796378
0.853439951316
0.926323533058
0.289826019667
0.240677356720
0.491936767474
-0.856656443328
-0.155363941565
0.590624796227
0.689863279462
0.418629913591
0.636770372279
-0.447066929191
0.628215449862
0.765609892085
0.425258666277
0.482697170228
-0.398047366180
0.770658669062
-0.497637928464
0.882130905055
-0.429720508866
-0.192835029215
-0.567101748660
-0.671483089216
-0.476975958794
-0.242903799750
0.944036529399
-0.223142945208
-0.535821591504
0.171094142832
-0.826814377680
0.256785174832
0.964834631421
0.056173902005
-0.884661030956
0.354591167532
-0.302720931359
0.285721050575
0.755178210326
0.589974024333
-0.569738433696
-0.639722155407
0.515900842845
0.912812770344
-0.387280892581
0.129562163725
0.853846045211
-0.275608691387
0.441573074088
-0.887364984490
0.093032419682
-0.451584269293
-0.073283924721
-0.586540393531
-0.806597688235
0.374027979560
0.870918336324
0.318754325621
-0.373705768958
-0.926440034993
0.045308474451
0.166322684847
0.550916759297
0.817818737589
-0.063943353482
-0.846858362667
0.527960377745
0.361064836383
0.293361207470
0.885195675306
-0.207326799631
0.647564793937
-0.733263550326
0.498706317507
0.521960509941
0.691989330575
0.100838481449
0.968867116608
-0.226115259342
-0.218567732722
-0.314992479049
-0.923584259115
-0.047477520071
0.764777421951
0.642542900518
0.406426742673
-0.769303891808
-0.492938965559
-0.642893520184
0.762853602879
0.068864369765
0.744986871257
-0.667074281722
-0.002542106435
0.903350878507
0.419552448206
-0.089067006484
0.360800901428
0.588679449633
-0.723380407318
0.801051358692
0.432382684201
-0.413958855905
-0.798268038779
0.590168708935
-0.120287287049
-0.370885896496
-0.882875760086
-0.288052151911
-0.734430121258
0.304243734106
-0.606669717468
0.273920146748
0.831662370823
-0.483017031103
-0.924873653799
-0.293367802165
0.241958789527
0.340567863546
0.298705131747
-0.891509267502
-0.482273781672
0.414875517599
0.771550582722
0.984649706632
-0.143777499907
-0.098959513009
0.010017495602
-0.617612848058
0.786418475211
0.719859275036
0.672703465447
-0.171092576347
-0.263550578617
-0.758543692529
-0.595946773887
-0.417554044165
-0.512779307552
-0.750137320720
0.280523445457
-0.026906036772
-0.959469988942
0.791079710238
0.587520116940
0.170332035981
0.564026915468
0.060372857377
-0.823546450585
-0.678233405575
0.514367697760
0.524809791707
-0.694256059825
-0.381406372413
-0.610358665697
-0.832832798362
-0.553244204260
0.017617590725
0.276753236540
-0.583491360769
-0.763508661650
0.086949354038
0.718111084774
-0.690475400537
-0.893003918231
0.274841725826
0.356379047967
-0.763316835277
-0.353117193095
0.540976575576
-0.801132923923
0.555378836580
0.223025525920
0.780629795045
-0.407457020134
-0.473915497772
0.042561785318
0.260531334206
0.964526783675
-0.511392074637
-0.189361948520
-0.838224430569
0.443106779829
0.870410142466
-0.214575309306
-0.775934923440
-0.547472780570
0.313366475515
0.673211951740
-0.658877735958
-0.335657258518
0.738550749607
-0.588789400645
0.328435427509
-0.509795783088
-0.409869387746
0.756383066066
-0.238151255995
0.893518760800
0.380668099038
-0.946115838364
0.322727653198
0.026677357033
-0.074034439400
0.994407849386
0.075312213972
0.080159535632
0.927008592524
0.366373466328
0.201646074653
-0.933608495630
-0.296165554784
-0.546726697125
0.809203664772
-0.215126346797
-0.679203798063
0.590361774899
-0.436067854054
-0.089350990020
-0.914132827893
-0.395446042530
-0.612474819645
-0.767431288958
0.189535778016
-0.376108319499
0.685495126992
0.623409144580
-0.083099636249
-0.077140680514
0.993551088497
-0.739790646359
-0.046852909029
-0.671203846112
0.447219738737
-0.282977360301
-0.848480003886
-0.806991234422
-0.505898361094
-0.304683432914
0.060517823324
0.484052062966
-0.872943980619
-0.960471469909
-0.265609213151
-0.083344469778
-0.267596771941
0.199776263908
0.942592918873
-0.988549768925
0.010781645775
0.150509500876
0.345111910254
-0.545627405867
0.763667795807
-0.542818852700
0.762070718221
0.352981460281
-0.883521672338
-0.044985250570
0.466225030832
-0.892487253994
-0.206184179522
-0.401191456243
0.490436362103
-0.717898893170
0.494058045559
