-0.358943085186
-0.484095561318
0.798004603945
-0.254029042087
0.948610379361
0.188699742779
-0.388804776594
0.380688744597
-0.838991611265
0.051770161837
0.995397479273
-0.080645567738
0.686171788722
0.702538738959
-0.188699748367
0.026886299253
-0.215784421191
-0.976070801727
0.559854945168
-0.725805113092
0.399711617269
-0.059515142813
0.517878109589
0.853381631896
-0.338932243176
0.913589236327
-0.224676745944
0.901512144133
0.430302414112
-0.045996586792
0.964684979990
-0.169117788784
0.201945690438
-0.743032716215
-0.630414741114
0.224676735699
0.923846959136
-0.325153369457
-0.201945737936
-0.124414530583
-0.939722264186
0.318501318805
0.075768593699
-0.597869360819
-0.798004603013
0.337891576812
0.033098083921
-0.940602890216
0.237732213922
0.726672507823
-0.644538951106
-0.440937784500
0.528578002006
0.725382082164
0.704719413072
0.412355748005
0.577350227162
-0.692013074644
0.669554887339
-0.269840982743
0.570349728689
0.600541124120
-0.560403019190
0.643347165547
0.244796318933
-0.725382096134
0.990596467629
0.069967777468
-0.117571881972
0.715115103871
-0.419406028464
-0.559203870595
-0.129149320535
-0.174946397543
0.976070801727
0.412355783395
-0.704719381407
-0.577350240201
-0.931293847039
-0.244699061848
0.269840949215
-0.777796867304
0.398622379638
0.485934388824
-0.442500997335
-0.893134456128
0.080645574257
0.048620485701
-0.879975670017
-0.472523934208
-0.351896073669
-0.880185245536
-0.318501311354
0.473476310261
0.743331225589
0.472523937002
-0.829311033711
0.546278381720
0.117571838200
-0.148736825213
-0.749964591116
0.644538956694
-0.873352230527
0.033520364203
-0.485934425145
0.525449216366
0.141407971270
0.838991600089
-0.843636631966
-0.358479896560
-0.399711640552
0.575124948286
-0.816771454178
0.045996559784
0.203024509363
-0.802950500511
0.560403017327
0.611890885048
-0.207691341639
0.763186641969
-0.278354557231
0.194383515045
0.940602885559
0.828888897784
0.015305557288
0.559203838930
-0.305586783215
-0.422322752886
-0.853381630965
0.635182973929
-0.118695851415
-0.763186663389
0.358943085186
0.484095561318
0.798004603945
0.254029042087
-0.948610379361
0.188699742779
0.388804776594
-0.380688744597
-0.838991611265
-0.051770161837
-0.995397479273
-0.080645567738
-0.686171788722
-0.702538738959
-0.188699748367
-0.026886299253
0.215784421191
-0.976070801727
-0.559854945168
0.725805113092
0.399711617269
0.059515142813
-0.517878109589
0.853381631896
0.338932243176
-0.913589236327
-0.224676745944
-0.901512144133
-0.430302414112
-0.045996586792
-0.964684979990
0.169117788784
0.201945690438
0.743032716215
0.630414741114
0.224676735699
-0.923846959136
0.325153369457
-0.201945737936
0.124414530583
0.939722264186
0.318501318805
-0.075768593699
0.597869360819
-0.798004603013
-0.337891576812
-0.033098083921
-0.940602890216
-0.237732213922
-0.726672507823
-0.644538951106
0.440937784500
-0.528578002006
0.725382082164
-0.704719413072
-0.412355748005
0.577350227162
0.692013074644
-0.669554887339
-0.269840982743
-0.570349728689
-0.600541124120
-0.560403019190
-0.643347165547
-0.244796318933
-0.725382096134
-0.990596467629
-0.069967777468
-0.117571881972
-0.715115103871
0.419406028464
-0.559203870595
0.129149320535
0.174946397543
0.976070801727
-0.412355783395
0.704719381407
-0.577350240201
0.931293847039
0.244699061848
0.269840949215
0.777796867304
-0.398622379638
0.485934388824
0.442500997335
0.893134456128
0.080645574257
-0.048620485701
0.879975670017
-0.472523934208
0.351896073669
0.880185245536
-0.318501311354
-0.473476310261
-0.743331225589
0.472523937002
0.829311033711
-0.546278381720
0.117571838200
0.148736825213
0.749964591116
0.644538956694
0.873352230527
-0.033520364203
-0.485934425145
-0.525449216366
-0.141407971270
0.838991600089
0.843636631966
0.358479896560
-0.399711640552
-0.575124948286
0.816771454178
0.045996559784
-0.203024509363
0.802950500511
0.560403017327
-0.611890885048
0.207691341639
0.763186641969
0.278354557231
-0.194383515045
0.940602885559
-0.828888897784
-0.015305557288
0.559203838930
0.305586783215
0.422322752886
-0.853381630965
-0.635182973929
0.118695851415
-0.763186663389
