-0.000963341445
0.958141836338
-0.286292320117
-0.740429932252
0.155247228220
-0.653958571143
0.317273505032
0.107391586527
-0.942233818583
-0.278900984675
-0.061065597460
-0.958376351744
-0.542430506088
0.522614557296
-0.657756161876
0.831410021521
0.234154614620
-0.503913675435
-0.338009520434
0.623589382507
0.704901300371
-0.881695004180
0.461079549976
-0.100097785704
-0.421957341023
-0.688352730125
0.590019084513
-0.317273507826
-0.107391591184
0.942233817652
-0.652764139697
-0.752001578920
-0.091611139476
-0.055991428904
0.213562566787
-0.975323529914
0.194143070839
-0.946859874763
-0.256446571089
0.979789324105
-0.097710593604
0.174543743022
-0.987302036025
0.138122257777
0.078466112725
0.932900436223
-0.339641083963
-0.119752693921
-0.361716727726
0.918213572353
-0.161384148523
0.597668324597
0.297633107752
0.744450874627
-0.573047791608
-0.779535704292
0.252864217386
-0.638270237483
0.039514495060
0.768797572702
-0.391687219031
0.901360766031
0.184742769226
-0.488713636063
-0.776717207395
-0.397327773273
0.200371790677
0.901478810236
0.383649709634
0.384251745418
-0.271587447263
-0.882377954200
0.846291983500
-0.478074372746
0.235020789318
-0.272769249044
-0.403788010590
-0.873242336325
0.852617361583
-0.214291671291
0.476573931985
0.947279525921
0.277530289255
0.160120070912
-0.146867057309
-0.926827386022
-0.345573525876
-0.182903522626
0.868989109062
0.459787155502
0.055325930007
-0.216027759947
0.974818469025
0.145693223923
-0.803505832329
-0.577193086967
0.625457302667
0.770354583859
-0.123923267238
-0.553093324415
-0.353849256411
0.754240331240
-0.381860435940
0.272138219327
0.883245943114
0.857785457745
0.138219051994
0.495075348765
0.653925972059
-0.475682226941
0.588308796287
0.385009011254
0.651599252596
-0.653595037758
0.795332145877
0.593853586353
0.121592325158
0.575392915867
-0.752052006312
0.321466592140
-0.016218485311
0.141202877276
0.989847820252
0.493735640310
-0.797397090122
-0.346962531097
-0.947417263873
-0.203107824549
0.247280688956
0.551367509179
0.355763665400
-0.754603261128
-0.056932632811
0.993496646173
0.098605719395
-0.629579176195
0.707121210173
-0.321884534322
0.650240708143
0.004827495664
-0.759712916799
0.265302502550
0.412070725113
0.871672127396
-0.793432833627
-0.516801074147
-0.321529137902
-0.579321992584
-0.148536486551
-0.801450521685
0.441791092977
-0.599686022848
-0.667231070809
-0.215099125169
-0.918362696655
0.332178149372
-0.565815437585
0.706741708331
0.424698771909
0.117773334496
-0.535796539858
0.836093001999
0.723428232595
-0.688705721870
-0.048332395032
0.354329989292
0.038949470967
0.934308940545
0.983083927073
0.066451682709
-0.170675612055
-0.437036062591
0.236154020764
-0.867888677865
-0.802856569178
-0.188088862225
0.565724232234
-0.879723857157
0.138341473415
0.454914904200
0.300471142866
0.953784302808
-0.003548888490
0.180695135146
0.468064906076
-0.865022838116
-0.797641216777
0.417938777246
-0.434851314873
0.540417270735
0.797466453165
0.268321502954
0.047261151485
-0.175637927838
-0.983319735155
-0.301523038186
0.799372339621
-0.519699642435
0.352126304060
-0.693060250953
0.629026670940
-0.832484624349
-0.200287999585
-0.516579196788
0.436453387141
0.655035796575
0.616795383394
0.066651080735
0.717232629657
0.693638945930
0.196443002671
-0.913118228316
0.357246758416
0.876250829548
0.443198309280
-0.189102461562
0.358237415552
0.856673886068
-0.371181633323
-0.577531448565
-0.498540574685
-0.646463239565
-0.223708277568
-0.477971858345
0.849410094321
0.665759745054
0.590489643626
-0.456164379604
0.408153855242
-0.343141835183
0.845969331451
-0.196439520456
0.545921241865
-0.814482357353
0.055434034206
0.776027635671
-0.628258048557
-0.943858192302
0.116661690176
-0.309065951034
-0.839309005067
0.466131071560
0.279789592139
0.407514407299
-0.912749337032
0.028647076339
0.009237318300
-0.999397952110
0.033442551270
0.876844581217
-0.149007123895
-0.457100051455
-0.740659113042
-0.507405192591
0.440413495526
-0.045088012703
-0.773644704372
0.632013402879
-0.967179455794
-0.214217379689
-0.136655818671
-0.355478935875
-0.934003490023
-0.035668001510
-0.673139811493
0.737960328348
0.047930643894
0.659349681810
-0.089513037354
0.746488722041
0.091968253255
-0.534019676968
-0.840455128811
0.743098727427
0.494532636367
0.450823415071
-0.659311404452
0.403347072192
0.634523135610
-0.849785460159
-0.521511602215
0.076748417690
0.749724454246
-0.529201952741
-0.397314150818
0.662933241576
-0.330226502381
-0.671915152110
-0.224821082316
-0.711225504987
-0.666043361649
-0.083958037198
0.463578241877
0.882069305517
