0.928365507163
-0.369547561742
-0.039649500512
-0.580191063695
0.572151853703
-0.579672824591
-0.662579583935
-0.628324883059
-0.407671601512
-0.295825497247
0.586251514032
-0.754185942933
0.140433114022
0.221022212878
-0.965105030686
-0.261780455709
0.277660269290
0.924324491993
-0.588558718562
0.072737624869
0.805175676942
0.592363399453
-0.677606739104
0.435837938450
0.422022121958
-0.801952394657
-0.422811640427
-0.642848756164
-0.337601382285
-0.687583290972
0.735706431791
-0.669119740836
0.104951502755
0.886288577691
0.236660853028
0.398100736551
0.098087646998
0.393906116486
0.913901954889
0.698401966132
-0.160550543107
-0.697465565056
-0.873642262071
-0.400949977338
0.275659776293
0.419355306774
-0.338724531233
-0.842262914404
0.476203824393
0.059411899187
-0.877325562760
0.059897469357
0.545387476683
-0.836041143164
0.411500336602
-0.889250456356
0.199752589688
0.051913735457
-0.417379371822
-0.907248269767
0.772125004791
0.623432127759
-0.123107102700
0.048261427321
-0.976296659559
0.210987359285
0.667686898261
0.167047535069
0.725458010100
-0.109744206071
-0.845470295288
0.522624327801
-0.311829322949
-0.597571745515
0.738695120439
-0.312199541368
-0.055879911408
0.948371700011
-0.904516831972
0.358232085593
0.231341892853
-0.452151563019
0.888439173810
-0.078960727900
-0.563058311120
0.290279044770
-0.773759272881
0.423405509442
0.425878028385
-0.799597197212
-0.772175978869
-0.003927860409
-0.635396591388
-0.133815460838
-0.337692635134
0.931695822626
-0.788074668497
-0.170935061760
0.591370881535
0.689077946357
0.464798580855
0.555998077616
0.214458103292
0.976405255497
-0.025308079086
0.610820598900
-0.520913013257
-0.596278313547
0.208307401277
0.917801858857
0.338005580939
-0.806786766276
0.340534563176
-0.482836745679
-0.123799680732
0.862178661861
0.491244941950
-0.691245895810
0.667663660832
-0.276413360611
0.053280546330
-0.888653880917
-0.455472788773
0.489011973143
0.728738445789
0.479382483289
0.835849328898
-0.096215360798
0.540461380035
-0.379461727105
0.813654092140
-0.440426854417
-0.508301332593
-0.300059335306
0.807213818654
0.357238128781
0.110347283073
0.927472045645
0.860449302010
-0.401676825248
0.313500758260
0.950541059487
0.307916105725
0.040735304356
0.864699614234
-0.310060456395
-0.395167165436
0.689403779805
-0.400469982997
0.603610983118
0.709038928151
0.240988359787
-0.662712914869
-0.531806651503
0.422437258996
0.733981229365
-0.822519655339
-0.562463580631
-0.084238563664
0.650431796908
0.572083848529
-0.499658429995
-0.866755327210
-0.310370907187
-0.390390958637
-0.227083651349
0.274730805308
-0.934321142733
0.533061707392
0.837969886139
0.116840425879
-0.436035595834
-0.611190314405
-0.660544742830
-0.803334476426
0.218282196671
0.554081763141
0.168062100187
0.714583726600
0.679062020034
-0.993399009109
0.114427655935
0.008044810034
0.987126387656
-0.013277927414
-0.159390055574
0.227083661593
-0.274730728008
0.934321163222
0.326905206777
0.719836832955
-0.612346240319
0.880081967451
0.022665699944
-0.474280503578
-0.533061708324
-0.837969877757
-0.116840477102
-0.735851648264
0.672178205103
0.081846264191
-0.902301758528
0.407232894562
-0.141466974281
0.425687761977
0.463234925643
0.777305172756
0.059398583136
-0.614403400570
0.786752990447
-0.326085363515
-0.925850600004
0.190968586132
-0.130179353058
0.981687688269
0.139077736996
-0.127862808295
-0.073664081283
-0.989052427933
0.884888323024
0.334248165600
-0.324423823506
-0.666117200628
-0.715108352713
0.211914882064
0.979066816159
-0.060131449252
0.194454047829
0.406011758372
-0.537155190483
0.739336697385
-0.307227935642
-0.375582640991
-0.874384740368
-0.157912754454
-0.978770419024
-0.130659966730
-0.324909112416
-0.842779214494
-0.429135482758
-0.418753232807
0.702540257946
0.575398049317
0.776568207890
0.581482320093
0.242528611794
-0.947196297348
0.047139602713
-0.317170348950
-0.476534166373
-0.041331226937
-0.878183874302
-0.048629629426
0.806106942706
-0.589768390171
0.532070258632
-0.839633761905
-0.109162188135
0.016613453627
0.025854043663
0.999527668580
0.261159406044
-0.657372749411
-0.706864082254
0.187031698413
0.912440692075
-0.363965829834
0.250682828017
-0.815856223926
0.521091873758
-0.655481827445
-0.515895890072
0.551538758911
0.739325831644
-0.617911436595
-0.267549565062
-0.972997050732
-0.227652340196
-0.038093966432
-0.457849861123
0.845297480933
0.275400930084
-0.951298665255
-0.030067308806
0.306800920516
0.557503782213
-0.174894674681
0.811542594805
-0.440074044280
-0.766048905440
0.468512442894
-0.121584467590
0.965449581854
-0.230487139896
0.499652974308
0.825437070802
-0.262679549865
-0.109222281724
-0.686214540154
-0.719152345322
-0.699508634396
0.569739606231
0.431375067681
-0.173342973925
0.601122438908
0.780130774714
0.211908397265
-0.968774569221
-0.128727093339
0.202986832708
-0.115801912732
-0.972309756093
