0.088004446588
-0.917110675946
-0.388797150925
0.059360343032
0.725460205227
-0.685699525289
-0.485684746876
-0.053807586432
0.872476399876
0.703592400067
-0.227475003339
-0.673210855573
-0.108144680969
0.926417457871
0.360631973483
-0.448157588020
-0.208323620260
-0.869342305698
-0.918254692107
0.383229751140
-0.099715982564
-0.683186704293
-0.712940166704
0.158026085235
0.435230084695
0.241701791994
0.867268710397
0.534333966672
-0.689736406319
0.488621428609
0.901094357483
0.431657577865
0.041239459068
