-0.756439134479
-0.003428301774
-0.654055105522
0.006530900486
0.862473538145
0.506060018204
-0.592113500461
-0.789099513553
0.163473422639
0.361163131893
0.467741969042
-0.806708523072
0.910914663225
0.283401785418
-0.299863141030
-0.318392001092
0.631308055483
-0.707160994411
0.194060314447
-0.687000874430
-0.700264515355
-0.531540650874
-0.661020979285
-0.529637423344
0.317987208255
0.911872992292
-0.259560745209
0.907905422151
-0.081164943054
0.411242015660
-0.207743797451
0.287737144157
0.934906331822
0.249711949378
-0.293325847015
0.922823865898
0.570563785732
-0.713926124386
0.405914343894
-0.593255102634
-0.288441203535
0.751565068960
0.465729984455
0.357663284056
0.809427300468
0.591543348506
-0.151916552335
-0.791831943206
-0.737585237250
0.452757575549
0.500977638178
-0.139714702964
-0.093189872801
-0.985796859488
0.101169521920
-0.988984581083
-0.108047330752
0.709209746681
0.651551606134
0.269262026064
-0.860455609858
0.467796180397
-0.201947707683
0.810163901187
-0.538012603298
-0.232759297825
-0.086994224228
-0.802547832951
0.590210961178
-0.977030225098
-0.205738687888
0.055529542267
-0.391955293715
0.919459564611
-0.031066963449
